-8.219784598808649312e-01
-1.743437898996938573e+00
-1.321720095941968376e+00
-1.776735458860723149e+00
-2.277527417398177878e+00
-1.347470623793075140e+00
-8.998049927481038823e-01
-5.694439371799927541e-01
-2.196219001200841348e+00
-6.599259397398855587e-01
-5.690344294545286452e-01
-1.152296766435854547e+00
-2.688757176755964373e+00
-1.515914066657893855e+00
-5.860669267979859987e-01
-3.266150177052730363e+00
-1.590955065412603897e+00
-1.163822600008185049e+00
-2.012692027751430857e+00
-9.569541620662661563e-01
-1.789425302083886171e+00
-2.334776336592954138e+00
-2.533933752759473190e+00
-2.538571396650215917e+00
-1.738411846204717559e+00
-3.734361786263722394e+00
-8.306739107118503718e-01
-1.990124625655778967e+00
-7.910421046468723016e-01
-2.435666838122282574e+00
-9.305619969542521241e-01
-1.213162553653325926e+00
-1.040780599077406388e+00
-9.013678212687669111e-01
-1.142190319614656335e+00
-1.228240102175954807e+00
-7.187070616739260620e-01
-2.398228612064372101e+00
-1.911408995181978376e+00
-2.569903678717922801e+00
-5.674080900281592843e-01
-1.373738188574655350e+00
-4.032682396727603757e-01
-2.283482386104771944e+00
-1.553270778214009606e+00
-9.447432505635532385e-01
-1.337278577673668423e+00
-1.384651221616153949e+00
-1.303339946696327578e+00
1.524287325277728367e-01
4.846195096699392191e-01
-2.127623802587305768e+00
-1.799491137379517047e+00
-4.517785204501595375e-02
-5.392060970634806605e-01
-3.257914312719566441e-01
-2.282582388877078650e+00
-2.455591214266115596e+00
-1.978870901138230609e+00
-3.063765781771010221e+00
-2.004133655205835307e+00
-1.737061157660656274e+00
-2.877016240352700205e+00
-2.376696899361170789e+00
-1.406837028719336802e+00
-1.590512665904817879e+00
-1.572890153512813249e+00
-7.969878883732168795e-01
-5.126448737011479739e-01
-8.667729267540001947e-01
-1.470845048963185686e+00
-1.799634664243213500e+00
-2.534308880330079283e+00
-1.726603274181692349e+00
6.170638249845501466e-01
-3.097540206005575225e+00
-1.542383055216398624e+00
-6.227648089533357467e-01
-6.548032443338123176e-01
-1.007656178091138610e+00
-1.328139513462993859e+00
-1.196033326212910142e+00
-1.269412682261626513e+00
-2.228998328497825199e+00
-1.441571734331075216e+00
-1.817210822545526627e-01
-2.098991461311507045e+00
-1.274206769341633017e+00
-1.070411329570893688e+00
-6.086930540804917911e-01
-1.851514545773253584e+00
-1.293536704374270707e+00
6.954047975956645367e-02
-3.240730773397680675e+00
-2.339679173288688574e+00
-1.264413491198433714e+00
-3.198241081520102336e-01
-5.320584283926020897e-01
-9.191398721740795530e-01
-1.584844759393517211e-01
-2.404198275261316020e+00
-7.686362312341051828e-01
-1.954462985247725326e+00
-2.028193177040507500e+00
-1.401659526448741921e+00
-8.416450483827883078e-01
-1.706256015895880607e+00
-2.096160691825496247e+00
-5.092386718709942528e-01
-1.381897017761848590e+00
-8.485060078976541798e-01
1.303493623481095098e-01
-1.704189368306688435e+00
-2.200622740502260921e+00
-1.159761577636307495e+00
-7.907535028370608066e-01
-2.622221375406053046e+00
-3.179035210557533686e-01
-2.066497559762088709e+00
-2.175515069790621148e+00
-1.160488102814329237e+00
-3.999056989519107486e-01
-1.996020343078392933e+00
-2.630302530742599232e-01
5.589176362793016883e-01
-1.555408289674957034e+00
-2.057162379315472522e-01
-2.786978102756972664e+00
-9.198632996212310342e-01
2.476268822787382751e-01
-1.224346634567818004e+00
-4.541159653831195464e-01
-5.030611883626773251e-01
-2.084025020959010543e+00
-2.305965875624109263e+00
-7.688321752732893977e-01
-1.821594072053654534e+00
-1.424867237803498776e+00
-2.548407477565699963e+00
5.328928042892445704e-01
-3.391228520325305862e+00
-3.320995308943082147e-01
-8.503005829997740683e-01
-1.039342583165148159e+00
-4.832030214209598329e-01
-1.453742522209356069e+00
-1.207193711859785079e+00
-9.773041685011779611e-01
-1.451055209814789970e+00
-1.818223252813891300e+00
-1.007879131433795150e+00
-1.769470310423100767e-01
-1.805757875690128911e+00
-1.032451030183037188e+00
2.273028071603266642e-01
-1.946122346070291664e+00
-8.530161970792192738e-01
-1.994594059094133565e+00
-1.368268539229974712e+00
-1.098112762521640251e+00
-1.327402010924341846e+00
-2.161092217149457095e+00
4.015436910540852722e-01
-1.655281439666317800e+00
-1.438529502449725328e+00
-3.999858929872919244e-01
4.464346013458933005e-01
-2.445750101341672256e+00
-1.645068007621701689e+00
-5.189208487393419666e-01
-1.595071237334911407e+00
-2.603783692270187800e+00
-9.002153834906780894e-01
-1.897336156855812028e+00
-6.143644884544472440e-01
-8.293043890714800748e-01
-1.319028585909896023e+00
-4.970441419782455905e-01
-1.242762701900175237e+00
-4.762049653969158691e-01
-1.237750666420978307e+00
-2.236287667496649867e+00
-1.477074412524367553e+00
-1.854179337490291735e+00
-1.266280443413844603e+00
-2.297465070763610395e+00
-1.474492409718331176e+00
-1.698688735675535799e+00
-1.714437506958624624e+00
-1.507394680078272931e+00
-6.019831103834062391e-01
-3.390355115340485948e-01
-1.892800887611721494e+00
-9.940137697795718985e-01
-3.011644419567791053e-01
-3.192946693887425802e+00
-8.859381846125635729e-01
-1.240187687017093809e+00
-1.132472619063858543e+00
-1.543053678547410490e+00
-1.960965249044652525e+00
-1.523263095171834669e+00
-1.539701248024549995e+00
-1.230495601343260859e+00
-2.096307654191293057e+00
-1.438854222918935610e+00
-1.955315505673469456e+00
-1.118820559295444328e+00
-1.374076029875651583e-01
-2.670461763309615932e+00
-1.139972249354451961e+00
-6.028491427697342253e-01
-1.211584497943283489e+00
-8.775933302913950795e-01
-1.702294787851465374e+00
-6.659768739453623132e-01
-1.167865517511158524e+00
-1.012704413428247463e+00
-3.310110148692926857e-02
-1.966645854566001939e+00
-1.949760643394182313e+00
-2.188958639305830900e+00
-1.768697646361608422e+00
-1.500375427717990817e+00
-2.549998766032560926e+00
-5.438148549525401165e-01
-1.701216076941523658e+00
-2.131500220921684452e+00
-3.467389526570412883e+00
-1.957572352175598607e-01
-2.734992061141327646e+00
-9.122349597350505324e-01
-1.240768006199809870e+00
-2.618687440124047305e-01
-1.539641649006403545e+00
-1.695437746808787116e+00
-2.676578991014034514e+00
-1.649923186203109848e+00
-3.145881551205353510e+00
-2.092384950927309806e+00
-4.662398887213084486e-02
5.152426628555655252e-01
-8.817869765753985067e-01
-2.354527883240444375e+00
-2.310219987323117063e+00
-2.277855322123335302e+00
-8.496585736853433657e-01
-1.670469368505644869e+00
-1.463642811825191403e+00
-1.820269877950358550e+00
-2.920646935182161785e-01
-1.742291718966614278e+00
-1.786112951341557453e+00
2.757117971319424099e-03
-3.096505555119194675e+00
-1.777307102389565019e+00
-2.014626572349940581e+00
-1.501662911758237628e+00
-1.883556017492964748e-03
-3.490740612975802293e+00
-1.270786415245378498e-01
-1.686584373299169215e+00
-1.652325218241035509e+00
-2.534783278850984534e+00
-1.577725617334940766e+00
-2.201469881783586047e+00
-1.739641372074621106e+00
-1.368693498174246903e+00
-2.509630015414283655e+00
-9.411811162626126936e-01
-4.041049937999049435e-01
-2.319950580284196873e-02
-1.478470596831936268e+00
-1.311864352294108693e+00
-1.141188818845700892e+00
-1.561463139590453908e+00
-9.573401692198399981e-01
-2.344773005891197748e+00
-2.196695918488035915e+00
-7.856307381194663764e-01
-1.910317883903585257e+00
-1.567516368853766329e+00
-1.046016463284632714e+00
-6.487461393461549930e-01
5.795239075402591755e-02
-1.504302499960411765e+00
-1.217749630482947820e+00
-3.971044316299654930e+00
-1.308737327084651958e-01
-3.540435713032423770e-01
-1.336457316372228865e+00
-9.388225014809084001e-01
-7.796798162433343782e-01
-1.906191250095563339e+00
-1.543925628689051033e+00
-2.232294964233934476e+00
-1.818936340753127379e+00
-8.871667465306342093e-01
-6.916936068272688809e-01
-9.148636747241444267e-01
