-2.216241934771863084e-02 -6.482190353426644513e-01 -8.338382923707010619e-01 3.561808310787047405e-01 -1.031367935422838444e+00 3.112839383207318678e-01 7.808232803322858774e-03 3.023925664935525059e-01 -8.299664260835464269e-01 3.941045560293559014e-01
8.865740856471568954e-01 -1.145220908750204991e+00 3.587814912063037043e-01 7.998729718540492639e-01 1.001803505019915441e+00 1.200492866510276757e+00 1.510276810589265883e+00 1.001783948432797278e+00 -1.997175126148049484e+00 -9.483778228773823704e-01
-1.165170106151483809e-01 4.343933860821226345e-01 6.241509654929673356e-01 2.000966825702565899e-01 -4.406153674645783558e-01 6.750115123903815961e-01 -1.101922465066059453e-01 7.529883799589371929e-01 6.322006917743117071e-02 -3.731389998673157460e-01
1.741295694636457031e-02 5.814357671097170749e-02 -4.053659672010748727e-01 3.767069861204049297e-01 -2.245099934574828690e-02 -1.341706739388528191e-01 -2.154067629005935292e+00 -8.470138866445301451e-01 2.020582427011852478e-01 -1.004198479264467814e+00
9.271650713876119498e-01 -2.592226593481221197e+00 8.214554153832646088e-01 1.305407687461489219e-01 1.235270501008488342e+00 -3.390077143126341008e-01 2.129949674627449330e-01 8.620647129902617722e-01 -2.578268167042999659e-01 -8.975399361960976208e-01
1.676755799621757193e-01 -1.118868249379713298e+00 -3.522968167227401581e-01 7.801794476116258314e-01 4.085613859386158508e-01 1.023786375490731038e+00 4.322016297837615317e-01 4.089516292079341531e-01 -1.668685022414678754e+00 1.061517359009178096e-01
-1.045932863377780464e+00 -2.911787729615834541e-01 8.259825442326382827e-01 -7.072337442464258217e-01 -5.461955947820489321e-01 1.747837992454645273e-01 8.571019900291613203e-01 1.339991233583566421e+00 -7.148970555760704171e-01 -7.826566875194114203e-01
3.937858386708179004e-01 -1.223265150701629000e+00 4.004407164223904303e-01 5.817987318236952365e-01 5.213619997625410507e-01 1.750897665396654868e-01 3.986680573396884641e-01 -8.427984351625594783e-01 3.494741852502808444e-01 -5.029638937122085096e-01
-5.378315918812517360e-01 -1.015244878549850460e+00 4.470437729693279572e-01 -8.670050299234720315e-02 3.710585684964836095e-01 -2.140739660098546493e-01 5.741348950306816024e-01 -4.608434872460818177e-01 -3.337761512114743034e+00 -6.084868020769216290e-01
-3.561684326001300360e-01 4.336431038436003860e-01 1.466471465404032726e+00 1.342964055523799827e+00 1.385380387660560597e+00 1.924960756395385220e-01 1.105347064312580008e+00 1.316391271507308058e+00 1.519561414702129909e+00 1.068438264794799863e-01
-1.473075123246901486e+00 8.062811996263853642e-02 4.484605672796909692e-01 3.176595637388257010e-01 -9.842090376315207889e-01 4.358796597605599232e-02 -1.474163038422237337e-01 -1.604141222286906976e-01 6.170089135875391623e-02 2.183310204467731747e-02
1.232364863723008686e+00 -1.076329140278090124e+00 1.215407117575282969e+00 4.915740821704675523e-01 1.685316125388804931e+00 3.262298415950896091e-01 2.172291091683612674e+00 6.513148484245727676e-01 -7.662352528493960868e-01 1.045026598155748943e+00
9.716989640350626178e-01 7.904518503392549134e-02 -5.905601492951180476e-02 8.744894042994059979e-02 1.089341280230130327e+00 -1.520394581856893482e-02 1.572039074061367669e-01 9.878858247020028127e-02 3.502847951493467948e-01 8.606900274257042183e-01
-1.226815145154156877e-01 8.151827001087078584e-01 4.853621295493260601e-01 -3.518353024208377700e-01 5.413263380836959293e-02 -3.857853738481025196e-01 5.341402702157527216e-01 -3.517705077526853685e-01 -1.635371146758557992e-01 -6.618219633918795974e-01
-3.928764534114997375e-01 -8.127611726778077861e-01 1.331925146148815464e-01 3.537447192306313326e-01 1.892581325471551779e-01 1.235158163393531017e-01 -4.070268978858065378e-01 -5.621195082699296242e-01 3.913669658053723910e-01 -5.921227743104297003e-01
4.851706834148202252e-01 1.689762376326320870e-01 9.022851573440806572e-01 2.160566327926534413e-01 -1.444811102528925986e-02 -6.103340012926685709e-01 -1.364402127462314818e+00 6.776483771597257011e-01 -1.768026356866231996e+00 1.793845879151275691e-01
6.187135737396716184e-01 -1.008688474860020140e-01 3.389912972933018572e-03 3.164312137741011055e-01 -1.464724346806374478e-01 -9.710388105037744133e-02 -4.396006263896086730e-01 -3.387616432587756132e-01 -3.513735701587511473e-01 -3.445031518936185755e-01
-1.151571596633042427e+00 -1.237082092378343656e+00 3.480552122218431577e-01 1.507036274120817421e+00 -6.954943814740323083e-01 1.114935216083778879e+00 1.538620369901639640e+00 1.591555057550322783e+00 -1.784951270699115300e+00 6.765834057173965022e-01
3.412494382370362400e-01 -5.169011442686994862e-01 2.671372756462324638e-01 -6.494392096064897923e-02 1.406393309826337590e-01 6.762461621505031495e-01 6.793328161221311168e-02 -2.463767009961305432e-01 6.123099835159855064e-02 -1.837579310655347575e-01
1.019755751356862694e+00 -1.307071088112988777e+00 3.603045849950607948e-01 -1.593722921648523805e-01 4.022717281718100196e-02 -1.418433781001599003e-01 4.461344230359227669e-01 1.009420930216959444e+00 2.600454532091560078e-01 -5.530689896917678761e-01
3.842874314783292777e-01 8.420151692898425466e-01 1.442813304805623753e+00 -1.698918460967633548e+00 -5.856043621121302944e-01 6.525229489207509670e-02 7.751867202930695644e-01 6.422127152572761899e-01 -6.568354428014311353e-01 3.608674008771456942e-01
4.112499509920600205e-01 5.201575583409725478e-01 -4.783692372074886401e-01 -5.652483626137007333e-02 5.694684848732605165e-01 4.180661471417410069e-01 -1.605262661600238783e+00 -3.546275557945957058e-01 -4.934673467514356648e-01 -1.404008332426763817e+00
6.946956204765474263e-01 -1.587671578119526306e+00 3.837487936505197816e-01 -1.010613685943049678e+00 -8.808536576404558255e-03 -9.095853364308394973e-01 -2.939734693123858059e-02 -1.361737078465226514e+00 -6.254705613981776935e-01 -9.228350991877151688e-02
4.613140394922767007e-02 -3.504084680519934381e-01 1.135023865150209144e+00 6.073041251211520608e-01 1.019743263458743776e+00 8.281740520640651360e-01 4.906127881369283239e-01 5.916184571413979354e-01 -3.329826748368783784e-01 -5.222192142789870983e-01
3.974365530599008878e-01 1.845801312288333218e+00 -6.564308680775676752e-02 4.223944235951754833e-01 -1.904816983465076774e+00 8.599118109393411036e-01 -7.243383673479829588e-01 6.431655303257894918e-01 -4.260822131049649131e-01 -6.107089540201420252e-01
1.532409979346186280e+00 2.411033416067238644e-01 4.321732389798793039e-01 -2.785876537192530922e-01 1.037371448856415856e+00 3.898184537593235022e-01 -1.277918214177923728e+00 1.671156821337579146e+00 -1.543001418420647086e+00 2.807412468811404938e-01
6.558623808802888089e-01 -9.322685626803934866e-01 2.291838304741069809e-01 2.206462137223967335e-01 7.012426335495277607e-01 1.861024988431180249e-01 4.866305111297192232e-01 2.601148093734141908e-01 1.646857365134733187e-01 1.540203089671347669e+00
8.697781147899150689e-01 1.013147456020601300e+00 2.336247683611972770e-01 6.144821708730519028e-01 4.370988683417551535e-01 -7.925066711286601895e-02 -1.187926424342733878e+00 -4.093319367134401476e-01 4.984403893921678791e-02 5.402148800091577385e-01
3.399012204428765171e-01 2.849368545756761906e-01 5.911330648003317867e-01 1.008242224970140599e+00 -8.625144230032538717e-02 6.746052631519158238e-01 -1.225836469672893170e+00 -1.009739853724055392e+00 2.603221130348516987e-01 -6.015383966573225605e-01
1.852118479833197995e+00 -6.610905710206040897e-01 5.337534188041205274e-01 -6.199675644634879967e-01 1.032834950250569594e+00 4.982520346397006916e-01 -2.455598954862768246e-01 3.560467683850686571e-01 -3.022184729615544074e-01 -9.346725993386699738e-01
8.511568385021519578e-01 -6.630634009904389226e-01 7.778426890184808595e-01 2.781756594196411192e-01 7.502136645554775551e-01 9.953999806366380376e-01 5.495212067975082659e-01 -5.940724347021300034e-01 -1.289818352289868325e-02 -1.371027141027721274e+00
1.843573593933252264e+00 -1.208463620638998259e+00 1.057810411354803914e+00 3.779464067989173337e-01 1.271916103355861249e-01 -3.350895831067406960e-01 4.143324966872047321e-01 -3.749038084683544159e-01 -1.780323357793168748e+00 -1.884176240747191811e-01
1.147872576982814863e+00 4.639618033287823962e-01 -3.811570524457439935e-01 4.688094638738944386e-01 1.840364991502038694e-01 1.378842771630324426e+00 -2.370581429198679757e+00 -2.084673831099593255e-01 1.015886239406535774e+00 7.638874068950407548e-02
9.666434381911314100e-01 6.895712490497286629e-01 -1.493553096547428627e-01 2.243711653729527633e-01 8.826028194306754227e-01 1.862774627636184233e-01 -1.723718821850635241e-01 7.121689270861388810e-01 -2.037061802635441177e-01 1.491329747155823782e+00
-2.709538682156099193e-02 7.018449830231030528e-01 -1.963599280540291037e-01 2.150215768841179376e-01 -7.025827066134822108e-01 -1.046257670511085563e-01 -2.259398042968121800e-01 -1.263198460999248596e+00 1.275484946576249667e-02 -1.535917220891399815e+00
-7.049802823462001378e-01 -2.865334842310747754e-01 6.484808267408191662e-02 1.150589017854452417e-02 1.438700202579946269e-02 3.247994626112651884e-01 -7.470885224876862019e-01 1.833705540174127124e+00 3.909737609032303690e-02 3.744508353163422676e-01
3.948951403974335639e-01 9.688030565984823150e-01 1.578255619341255578e+00 -1.959158179659451715e+00 -1.131224172294440278e+00 3.342427151429130938e-01 -4.738906116183903561e-01 1.087594835835010570e-01 -5.701233163616784561e-01 9.977771288891967849e-02
5.809299240704267620e-01 -1.961087353973522518e+00 -3.109312495239233143e-01 1.414692064871732324e-01 1.349768161703356617e-01 -2.581593589203627359e-01 1.300363072030663592e+00 1.531203721629393444e+00 -2.229289735798601235e+00 7.594683595404061460e-01
6.961183556194960875e-01 -9.190363748303901348e-01 1.472753686355189551e+00 -1.601962778912478791e-02 -4.754988913584752841e-01 9.948257840976719724e-01 2.170352293106921626e-01 2.864183362035796598e+00 -9.049387019478861982e-02 -5.659319149498825974e-01
-4.805999531906261085e-02 2.738130970488664162e-01 -1.241601671251226918e-01 -6.909725670682468346e-01 3.236808428460444080e-03 2.778217573919646854e-01 1.110829216749288806e+00 9.403736037423727767e-01 -4.098439094932790905e-01 4.889364482043638271e-01
-1.592367177469652950e-01 -7.338044445912686453e-02 1.403759895885499098e+00 4.487983165391259410e-01 -2.104271558039703671e-01 3.846316657604531564e-01 5.608067086648374500e-02 -1.313201181152840347e+00 6.096259559675643036e-01 6.744416468279694488e-02
-5.503854826310532466e-01 -2.787981815718084122e-01 4.244421021329779498e-01 -5.007097702891485369e-01 4.367824812597406736e-01 -1.220660151053167608e+00 9.113409419950252444e-02 -1.202752549763175111e-01 -6.735595031610969174e-01 -1.100211769488287361e-01
-1.381865077944949727e+00 1.012161555395341694e-01 -3.566304783060574024e-02 5.614327242673384372e-02 -3.724416222300229729e-01 -6.129671002124726931e-01 7.357308154295326696e-01 3.023775621597107888e-01 1.073075672335602332e-01 -1.132450625873407279e+00
4.187750382165012497e-01 -4.415219629953847091e-01 3.238214806562613179e-01 7.354628109770956490e-01 1.178632808015558586e+00 4.201449949130212635e-01 -1.002241827820150144e+00 9.688875756032754305e-01 5.356554369515934555e-01 -1.260621712958061025e+00
-5.119360501462958402e-01 1.614784121837555542e-01 1.227491662064621236e+00 1.038045506854675809e-01 -4.742943965899791281e-01 -4.321862732320778666e-01 -4.012238131756593051e-01 -2.318459249617791165e-02 -3.938426299569407485e-01 -1.123938129862947166e+00
8.143034132553069737e-01 -1.304647140991738619e+00 2.276259188298481173e-01 3.848025778073155267e-01 4.488878404405992339e-02 8.967948806024366171e-01 -1.225025763227427955e+00 4.074862746160522464e-01 -2.210026383833104457e+00 3.184478200764632727e-01
1.109168836522848478e+00 -8.869638074817780549e-01 8.980107866539541739e-01 7.282085839384384585e-01 5.249515181797448360e-01 6.461991021075901287e-01 1.936300627999757662e+00 1.517873480358072458e+00 -2.354202895702507681e-01 -3.614450578694841099e-01
2.327261025474457456e-01 9.722467728478615401e-01 6.588222519841367975e-01 2.144936948736818894e-01 1.980790810535383972e+00 -4.526429404480264429e-01 6.672316117481567055e-01 8.459900834648724499e-03 1.793723172404358746e+00 1.541558428442155071e+00
2.185077331104827714e+00 -4.241395271126761068e-01 1.578845169048727293e+00 -2.571663497307303051e-02 1.044580936219346334e+00 1.257018266576793497e+00 -1.870842060002242180e+00 1.256543803089632316e+00 -4.309659158015288205e-01 9.997517925577605880e-01
4.964499608286888632e-01 -5.971318936250730181e-01 -2.726691649761732797e-02 3.658290501999839073e-01 -4.442528752769530076e-01 5.527099843961956749e-01 4.566306583331904978e-01 1.960620138217958885e-01 1.602385731319049544e-01 3.478731130487491274e-01
3.028908569083828550e-01 6.390252195537579616e-02 2.840874921031386613e-01 1.274885120044002340e+00 -1.029910682028795987e+00 8.962798246677367020e-01 -1.478972014379101030e-01 8.678419336601812806e-02 8.106907476726027406e-01 1.425272890521108726e-01
7.512923848083924439e-01 1.592421671055629817e+00 8.958896372040257017e-01 -1.167639126671738303e+00 -5.013514031280280614e-01 1.452616327671357455e-01 -3.173029850831057819e-01 -2.028780851584089939e-01 -2.077587387921282946e+00 2.181657435559347102e-01
1.207271105516704961e-03 -5.014773306789512830e-01 -7.315994676630557247e-01 -2.523798736450937330e-01 -7.568065686664037228e-01 -2.836266712402531476e-01 3.012548694542995786e-01 -1.697284032015844435e-01 -4.119999068554439786e-02 -6.929825232309668737e-01
9.030266763424533716e-01 2.126730397381231819e-01 -3.132735353861867966e-01 7.574862935828028387e-01 -6.514082885463655659e-01 9.345599295058439893e-01 -6.230781739764238436e-01 -1.879191491462620447e-02 -2.224298068667861922e-02 1.198963317837588860e-01
2.734240469808969509e-01 6.351154514717696209e-01 1.321842156033028015e+00 5.700628283177440192e-01 -3.665656499972221649e+00 9.697563574841945311e-01 1.599425689674300322e-01 7.930993569898826534e-01 3.275430082949924437e-01 1.191307515642678228e+00
-2.686215887823432125e-01 1.779780448039256224e-01 6.488189553584072788e-01 8.801263083893909878e-01 -6.414219242787247977e-01 7.220564386515208044e-01 3.087323050241138067e-01 3.844425753555005265e-01 -9.644366074465016148e-01 6.433726242611610413e-01
-6.417546664656559319e-02 2.821239888592835254e-01 4.835504610197143283e-01 3.777571642149818443e-01 3.595596278829144010e-01 3.482192131063307494e-01 1.444012183043631159e-01 -4.865665489938410943e-02 -6.598690989058376699e-01 -1.184824492189533895e+00
1.202499357532788915e+00 -4.607092812803329496e-01 1.563204008900425379e-01 -2.073022740055631807e+00 5.088232521272492148e-01 4.529577657922190248e-01 -7.876675366735260697e-01 -8.093047876185442968e-01 -2.863576399330172162e-01 -2.650023734144122400e-01
-2.759706592154190230e-01 -2.329754824501576171e-01 -1.427020234179048053e-01 2.364262224913467880e-01 -1.002769689827912904e-02 7.574626517490233579e-02 8.824936183032584813e-02 -6.980298016335104716e-01 2.302279615933391088e-01 -1.529109453497937032e+00
6.161759732830430769e-01 -1.875963579426416894e+00 -1.210582071182732866e+00 -6.759958597019826154e-01 -2.186450305244522566e-02 -5.753598352383217929e-01 -1.010455950969446848e+00 1.192181488777083187e+00 -2.150774226100953257e+00 -1.578986108634007623e-01
3.302245813152381304e-01 4.603350576558234986e-02 -6.202013138346055277e-01 6.989253209406280920e-01 -6.899542689409469132e-01 2.056494997525156188e-01 1.979863522395054753e-01 6.205430788088825977e-01 -4.095980245293172062e-01 6.782185597598827231e-04
6.689729693651765841e-01 -3.859638400049940632e-01 -4.758891409148846563e-01 2.354962095013728163e-01 -5.388473727832644444e-01 4.435533829089851054e-01 1.908181864941269901e-01 1.245390958801233239e-01 -6.200338555338448243e-01 2.175292506599748321e-01
2.154241604518735809e+00 -9.304046092123453848e-02 6.649041804512754172e-01 -5.600554676798658038e-01 5.168796490510026986e-01 -1.805568022617631274e-01 -9.470041987103078318e-01 7.738621655740294258e-01 -1.225678036835767148e+00 -1.089303694064199579e+00
7.827131148166857622e-02 1.269823884808587433e-01 3.267084306391973558e-01 8.927373403846296240e-02 1.022691362845725288e-01 2.412373997919046997e-01 4.118606732791680464e-02 -1.226732139236740571e-01 -1.544972693821430543e+00 -9.480910900118793005e-01
-1.045021688753877021e+00 1.764493499055301007e-01 -1.062369136057114583e+00 1.873327969250900560e-01 9.329080960717308635e-01 -6.548038286436260735e-01 -1.053249758933230140e+00 2.244766006113384504e-01 -6.025805701781344892e-01 4.811042036245354314e-01
1.100703497873533943e+00 3.081639931154168122e-01 2.042809099682195428e-01 4.417268438866638058e-02 2.055467475502536778e-01 -4.419966673042594052e-01 -7.857037404220930110e-01 -3.680952845931754203e-01 -5.718339421172572434e-01 -6.089922008658292807e-01
2.430786208477275334e+00 -8.240295702210976847e-01 -3.737510449575910942e-01 -1.181314817551430696e-01 -6.673297665445262483e-01 8.024598429643438058e-01 -1.238405744733248826e+00 8.771834316206451598e-01 -9.399032158737881115e-01 1.837029932958526013e-01
3.560986085014751223e-01 -7.792597910173135745e-01 5.035089905647590625e-01 -4.349630149928348510e-01 1.738893239662956947e-01 2.780987326397435511e-01 1.767194910958660992e-01 7.042919012192595529e-01 8.940693739924499006e-01 4.832265249474826940e-01
3.666149454015105169e-01 1.052787206045310953e+00 7.630776181592170415e-01 2.020715242378351428e-01 -5.028976822967838878e-01 -2.193522021018715629e-01 -2.000413963945173179e-01 1.110672982951075305e-01 -2.929962785393295244e-01 6.975014544532257554e-01
-1.712529900610894884e-01 4.776222958096595916e-01 3.197310417282782091e-01 5.393102167110266354e-01 2.562543338977651963e-01 1.744651675268479529e+00 4.160996019834036636e-02 1.799144875322263859e-01 8.077150742903392577e-02 1.109308325361214043e-01
-1.495219100310578808e+00 -9.204516352412834834e-01 7.046580981281267420e-01 -1.730186575340959543e-01 1.126818288633141540e-01 2.776470908407088767e-02 -2.142061673006604439e-01 8.612039600508722970e-01 -1.827106928477902015e+00 -1.104428802622870798e+00
8.984939510081224601e-01 4.409445330593551593e-01 -3.300166510181318930e-02 -2.126191463382072488e-01 -7.249641508351878372e-01 -3.319775623963240885e-01 -1.414666447783859693e-01 -3.450604898795813780e-01 -7.923964957193390113e-01 -3.842953541863008970e-02
1.446667243793065882e+00 -1.128215653744363001e-01 -2.280654478124444565e-02 1.150791508207765101e+00 1.487914561659643198e+00 7.008436037560584753e-01 -4.561404434499373717e-01 9.911919240991359237e-01 -1.816185470158045323e+00 -1.413034895334141394e+00
5.302859643296364139e-03 -3.144731998560175712e-01 9.245551176391582082e-01 1.917569834396379014e-01 -6.654645432758545809e-01 -3.244620532479760566e-01 -1.500048528319981311e-01 2.556897891349625973e-01 6.138279055871235373e-02 5.191826125699200434e-01
-7.870749174335580634e-01 -1.835712738727525717e-01 1.756281889463558177e-01 7.736701074628380415e-01 -1.256430122773385616e+00 4.481631577778812936e-01 -2.258511851621697319e-01 -8.511117911025780636e-01 -1.610665859755265883e-01 -2.054745121901921379e-02
-1.075519163415650015e+00 -9.134961489203464735e-01 -3.125961636485258821e-01 -2.101950196841160690e+00 -2.477401836488584974e-01 -7.901179459412182027e-01 -2.023810282075421352e+00 9.805511259706640725e-01 -2.458429361924654000e+00 -1.545717252573368006e+00
-6.802957919766795536e-01 -2.874815938691749895e-01 1.142326939178105238e+00 1.268892571560257809e-01 4.080791701919851966e-01 -3.930467871338874652e-01 3.757522960655285127e-01 1.649257775013672211e-01 -1.651152088627931003e-01 -4.324120808477013855e-01
2.795074361616667336e-01 -3.159100102365599017e-01 8.835908680575379481e-01 5.803080732143689469e-01 1.769788254157133867e-01 5.302852859139569608e-01 8.248993059690195029e-01 -4.847497257775135182e-01 6.352348093948676500e-01 -2.266692483813787795e-01
5.924245635022019618e-01 2.992971817167703330e-01 7.322260420274946391e-01 1.421894410082881754e-01 1.008886557148074958e+00 7.896352540054775160e-01 -7.530454773077382979e-01 6.324613592809885665e-01 -4.126577302866057950e-01 4.683812573100220034e-01
-5.576195592954794611e-01 1.311495826798401154e+00 3.523065361860824862e-01 -3.234264124897304193e-01 7.976566565884574134e-02 -5.479943072694526407e-01 -1.144070134855182719e+00 -1.753840414308635021e+00 -1.717791240952972531e+00 -9.103080935765489601e-01
-9.051178944299840268e-01 1.255273837451391428e+00 -1.257314902751410501e-01 -4.036594319206239234e-01 1.269397310929996914e-01 -5.951565580922002496e-02 -3.427798393252502462e-01 1.034384666143822962e+00 -5.823455800763522872e-01 7.207740168301055572e-01
-1.015030246384572399e+00 -1.375048127476687032e+00 -2.118431329104588368e-01 -6.538739400825549497e-01 9.291960435031759030e-03 -5.385339039689650553e-01 -1.394042224607113523e-01 -6.172700455276635134e-01 -7.361873570587207372e-02 1.390120509844158803e-01
4.391679692979315042e-01 -3.958397124585861238e-01 6.312313178628947523e-03 -9.484855088293597802e-01 6.920239599436119882e-01 1.326586272509703512e+00 -1.681097426722821364e+00 1.639076491478963948e+00 3.903588685980192707e-01 -1.615907755033280102e-01
2.431535322821228862e-01 -1.856800376755626814e-01 -3.769209069869757234e-01 7.254003694607067398e-01 2.988217093215335685e-01 9.679090121979175843e-01 7.718645974714931357e-02 4.202377818501473183e-01 2.774362342885484112e-01 -2.676766789119213286e+00
-7.244551397017077177e-01 6.489422264715325461e-01 -3.729430606678723475e-02 4.440632014877047423e-02 3.330829826635631763e-01 -2.307117774347565986e-01 4.976197261781403203e-01 -1.882950456280718110e-01 -1.689517993083860248e-01 -3.443124448028234696e-01
-2.624905367468854389e-01 -7.625234436930254933e-01 1.121967873099669333e-01 -1.000010521524533180e+00 1.829757784699955203e-01 4.191213981126906130e-01 2.670740827775750503e-01 -2.309573475130447306e+00 1.192890824699932018e-01 -2.580011329296768574e-01
1.783067950552807757e+00 -1.338919210258474601e+00 5.167013944172123008e-01 -3.257937844477888922e-01 3.921659287159284801e-01 1.217889651297969916e-01 8.308791771849185492e-01 5.741385766621132092e-01 1.140176672540295782e-01 -1.728771237371121927e+00
-1.415802398814687058e+00 9.458910538325778772e-01 3.197592566758720167e-01 3.880324114235396138e-01 -1.418330376833971229e+00 7.172190058784474465e-01 1.191769992592479344e-01 1.555102199982710265e-01 -1.648707123156023968e+00 6.518691486070823382e-01
2.009011918671818275e+00 1.197977412187267943e+00 1.339806402694390108e+00 5.745817404276931661e-01 -2.710337365672437770e-01 6.531444797893993792e-01 6.013043874488599450e-01 7.911130669945454219e-01 7.117267080784780431e-01 2.636400682390387384e-01
-8.265806728000055781e-01 1.237254374589254358e+00 7.196841622433861607e-01 2.690036800730951638e-01 3.363529027427125673e-01 2.625322768596723977e-01 1.056369421050802559e+00 -2.279598154369117113e-01 2.356155670271670721e-01 -1.930965859921023320e-01
-3.325930025990923578e-01 2.051133858395960685e-01 1.542442847860481026e+00 -7.381040024984484305e-01 -1.292354287732948651e-02 4.097642169413610175e-02 -2.664946987083604002e-01 -5.678037549801739914e-01 -1.727068220201341209e+00 -6.379332695802156783e-01
-3.285383262714468011e-01 1.654868514570171090e-01 -3.830859763739787732e-02 -3.422004440317475971e-01 -9.931156289178044716e-01 -1.006338086385553776e+00 -5.546018704719321013e-01 5.858549775665073955e-01 -5.599881441998295906e-02 9.214275327491422418e-01
-7.515023928881943149e-01 -1.126549073967873404e+00 6.858832150383680215e-01 -4.311642135665205711e-01 -3.843501937300856652e-01 -8.415790262455440096e-02 -2.039957643340192112e-02 -7.526354136471716805e-01 -2.045811934934443355e-01 3.498947668668246358e-01
7.397082620509534134e-01 -7.908221481826190891e-01 3.331365002508065998e-01 -9.322105504309845525e-01 8.749751875613664964e-01 4.112634994180587311e-01 -1.104773778109227889e-01 1.363999071190020951e+00 -5.430109726645662160e-01 -2.988421103353948283e+00
1.019406315622297221e+00 -1.534894900849089083e+00 -5.320946498601509811e-01 -1.934378604365325979e-02 -7.549581616248927096e-01 4.673190549729319687e-01 7.627919793577984109e-01 2.279856801034446434e+00 -1.435777838939087836e+00 -3.761527094967953566e-01
-8.110601680604025976e-01 7.339975288460337532e-01 9.626657077121192341e-01 -7.991815519044603855e-01 -7.783621616007824207e-01 3.250587642935652832e-01 1.090983691993320015e+00 -4.778055827642074815e-01 7.931703712436280473e-02 -6.237553097995935936e-01
1.233707436476798730e-01 -2.564298366286358544e+00 1.929165472713947338e-01 4.907907030942041393e-01 1.569970979504896835e+00 1.085329393232317585e+00 2.710824293780480509e-01 -8.923430120495233486e-02 1.722844023456137352e-01 7.146032065612870632e-01
-6.314234783417895791e-01 -1.122419083101110909e-01 1.179820369871613206e+00 3.323098822762881460e-02 -7.525118551887632901e-01 9.518181428169161240e-01 2.743631205946439056e-01 7.158299471805145142e-01 -9.873304531419846430e-02 8.479323442118729126e-01
1.152952150664518643e-01 8.894374401346244463e-01 7.800411958726090056e-01 -5.859039811407786846e-01 4.932369264731460423e-01 1.067990361632144225e+00 -9.529373341127514441e-02 7.119862834026791099e-01 6.794697114832326523e-01 9.742473895297804054e-01
-9.230543319502507726e-01 -1.062909399061205545e-01 2.006657516354337922e-01 4.546892953218189537e-01 -5.579751119990452590e-01 2.250238746992792166e-02 -9.110819413071028494e-01 -1.569107806616567569e+00 5.239040891928614663e-01 -8.142362849854093421e-01
1.055355608240039711e+00 -1.733494315915455886e+00 -1.999749737322554510e-01 -4.163584547893610655e-01 5.215857425928143165e-01 4.091669279089433231e-01 -3.452251645981262995e-01 1.636151852618574321e+00 -9.259110867406342704e-01 9.620677455351982904e-03
-8.526490762572430659e-01 8.821908473654757055e-01 -2.060958029371169065e-01 -3.195685655461197872e-01 -1.364767265846901445e+00 -2.723847648948450884e-01 3.395927656433107567e-01 2.084338020996439056e-01 4.276798450349075242e-01 -6.237197113756884903e-01
4.110073331961812682e-01 4.710059912438950835e-01 1.170857423622065907e+00 5.154513659560420180e-01 1.006772689204261419e-02 1.178101395849187938e+00 8.008165628305131678e-01 9.539180747835396268e-01 2.335691666142664658e-01 4.616111796641905185e-01
-8.447316394512132121e-01 -3.770919945005750118e-01 8.528578850155308366e-01 3.036556328534319449e-01 6.286677029336212863e-01 -6.369178826370407442e-01 1.237111464580987974e+00 8.952307556960213963e-01 -1.273790562393883219e+00 1.050158304712842661e+00
1.058023258196088889e+00 -1.318993864043191078e+00 1.372165457080456674e+00 7.584177599391321578e-02 -5.532927277407967415e-01 3.325246515914700995e-01 -2.299115064650263385e+00 2.674282948183981934e-01 -2.082718358648278922e-01 1.852926603518139648e-01
4.384252950652771652e-01 -3.043224521289459861e-01 -1.117561450474770096e-01 2.182567860484883882e-01 -1.213024578439697576e+00 -4.111323129983464608e-01 -8.458795079705623554e-02 2.456286490533201028e-01 1.329954451591988107e-01 -3.232126556358709824e-01
5.127755723594116244e-01 -1.367539713934673440e-01 -9.135570294296773142e-01 -8.397824585433297795e-01 -3.447317918286547100e-01 -3.893923884983417905e-01 -8.625359226772927324e-01 -4.341267503593924659e-01 -1.168232790201366278e+00 3.750043495649472147e-01
3.088701933415833323e-01 3.785612825486027733e-01 3.953920705326440244e-01 -3.617006345828147618e-01 -5.421501878306826949e-01 6.363514803105144724e-01 -9.009511200749682480e-01 7.957316027541505576e-01 -1.475140812978015248e-01 -8.633669177528024985e-01
-2.618245877978264136e-01 -9.287989173985441438e-01 6.483180253923049863e-01 4.915799326240400946e-01 4.471923788786612564e-01 7.442373614985084984e-01 3.077435145507828040e-01 -1.185580796729735598e+00 4.250620406669269880e-01 -3.697320792676564993e-01
-7.689720794671369708e-01 2.991707209515385157e-01 -6.366799533295783853e-01 -2.473086670824899413e-01 9.106289117451893400e-01 -5.647644014067370044e-01 -8.320714989341345680e-01 1.540574244479885779e+00 -2.267564481838857116e-01 2.037911215057290448e+00
1.573707062267966639e-01 -1.549037067477893326e-01 1.079971475253871160e+00 -2.130917610409256702e-01 -1.062978355322265811e+00 4.841953799962063765e-01 -8.191339011189943675e-02 6.505894723309069150e-02 5.092841600623235904e-02 -7.601653407450079669e-01
-7.655774354073269228e-01 -9.390070705287983932e-02 -6.072462336477891798e-01 -3.408012639113221498e-01 -2.526050726033388649e-01 4.641713541422316514e-01 -3.094726079076021708e-01 -9.135819460469345454e-01 1.369269521070269002e+00 -9.879654100619689183e-01
9.346832608737299930e-01 -9.852615206886488064e-01 9.503933851245448261e-02 -6.636370055215181640e-01 1.005589415895927097e+00 1.686982675444307633e-01 7.167185217441572886e-01 -1.165340600519856551e+00 -8.272625786715696039e-01 7.049989892811262537e-01
-2.931742595621319447e-01 1.047534928263646137e+00 2.367139796781137506e-01 -8.236773109380599589e-01 5.892561924305609322e-01 6.686784725546031094e-01 -4.353427782295833937e-01 3.262916272870602930e-02 6.049096053296093567e-02 4.187895031987538541e-01
-9.251822933965255791e-01 -9.937411390421578838e-01 -1.040894286938744695e-01 1.676102123700171087e-02 9.910162863371982933e-01 -4.436522309967986799e-01 -1.656235546517795809e+00 -1.975663669707968806e-01 -4.670574000066312487e-02 -3.902045083841322592e-02
-5.302685959007892302e-01 -8.372829587352549341e-01 1.440072068741367062e-01 -1.969218470186534786e-01 -4.234995496623247258e-01 4.871865860516114144e-01 3.926994923278132044e-01 -6.596964304389734135e-01 -1.003503669574486112e+00 -8.176395657523132243e-01
1.046555000067503682e+00 -8.920044117634802205e-01 9.397095078325252704e-01 -5.388492563588179740e-01 9.534682711943317512e-01 -1.885218346889845353e-01 2.856552402755610509e-01 7.032737780112024994e-02 -8.762554673272497929e-01 -1.521439980787801183e+00
4.919781592026282180e-01 -2.560555747518913350e-01 9.176492611472597538e-02 9.180127611256239106e-01 1.192136729564890585e+00 1.396601701290397790e-01 -5.015996149276656935e-01 1.969496619027240603e-01 3.210373118156014116e-01 -7.141368877356700784e-01
-2.245878924412507971e-01 5.322132700838232422e-01 7.449724975311097230e-01 5.864156247912658548e-01 -3.944117420469788193e-01 1.454670948544279918e+00 5.578363102392035477e-01 8.847326348755043535e-01 3.615391060218953734e-01 -1.349369175076867489e+00
5.761645592972168828e-01 -1.503733716304453752e-02 -5.416016888857339007e-01 3.963137741058347374e-01 9.078063567413763302e-02 -8.912016097285509197e-02 -3.328790633755281114e-02 1.324262302119945389e-01 1.227807778656829552e+00 -4.917853533586492853e-02
7.611003516053621576e-01 -2.561687711960359271e-01 1.525704915569059406e-01 -6.397235543625245935e-01 2.702778174128124822e-01 1.114326408817972069e+00 9.382050910482949702e-01 5.845416612619916963e-01 7.115364546230680265e-01 -8.499236080847386576e-01
8.115828693398834115e-02 -8.874967723415100318e-01 -9.147099220080505688e-01 -7.091785181393996107e-02 -4.265161917637001476e-01 5.830446167987686223e-01 1.459282782902846833e-02 3.486448685812565396e-01 2.519551057938443361e-01 5.110086426551165850e-01
1.026369343661950539e+00 -1.010695194470695890e+00 2.904924728959773494e-01 -5.889474784131930596e-01 3.658341742201744462e-01 -5.666006780063360670e-01 -8.534411870558339386e-02 6.049467208431404952e-01 -1.942014010303784177e-01 5.726099139718193731e-01
1.072236361403923421e+00 -5.892670876580031747e-01 4.082426475392329085e-02 8.828872629003273742e-01 6.166622317578702717e-01 8.824754837298700583e-01 -8.565796160439996809e-01 1.357473497144894292e-01 5.547396307660896753e-01 3.417406722573547717e-01
-1.476081973775856537e-01 -5.270456808087766731e-01 2.814270603709700946e-01 -4.171762195334432488e-01 -1.517169997838758499e+00 2.439028085776396432e-02 -2.035715198209723242e-01 -8.172290245182759483e-01 -9.164028887513901989e-01 -5.054297548385094929e-02
3.676912826251040323e-01 -1.475825204180601369e-01 -1.388351697234391446e+00 8.876172833037532239e-02 -3.301575480563924692e-01 4.158476028710488825e-01 -1.114857800992536729e+00 1.361053726932788810e-01 -1.179011414261170287e+00 -7.372589581443340645e-01
-2.160595144083889418e-01 -3.314524016705064358e-02 1.552722793700129500e-01 -1.011925937360036221e+00 -8.819031779098582824e-01 6.086018455507954950e-02 -3.993527274382368542e-01 -2.146693374062657256e+00 -1.699503176084329603e-01 -2.566428384398473095e-01
1.400585000856541695e+00 -8.919007385440819169e-01 3.836009197070402998e-01 -5.481702192857781930e-02 4.883487451466266838e-01 -5.556827856792313503e-01 -1.823003586638317408e+00 -7.633201727839480366e-01 -1.118727134142961877e+00 -8.262130323409754284e-01
4.441746726039391691e-01 -2.517590611844200410e-01 -3.804869807229834811e-01 4.634970767340536590e-01 2.651314000712743368e-01 2.420651266829386139e-01 8.235187424790566535e-01 -5.967678834568876933e-01 3.865980541018863570e-01 -5.602308909278549409e-01
2.568259239900622798e-02 4.721408393625157185e-01 -5.172532279980182057e-01 -6.001570891684160358e-01 -7.368776101792026134e-01 9.338092896561922540e-02 -9.015764446375917895e-01 1.257029109015371515e-02 3.845867350093180037e-01 -1.461480320456960413e-01
1.102305897858806283e+00 1.410715001954691017e+00 -5.550996561224931236e-01 7.337791416109208376e-01 -9.315129673269170185e-01 1.034362160890449633e+00 -1.523184805159147226e+00 5.006082045018181992e-01 -1.556318035581164771e+00 8.718372528305852187e-01
-7.512226642493134987e-01 -1.600738752423576994e+00 -2.146750977367861968e-01 9.943520756488666290e-01 -3.115842925195274615e-01 -9.165930035840806622e-02 -1.745265752817575511e-01 7.207859726695337033e-01 -9.483619707554089562e-01 2.618350739788514736e-01
8.713795571633438097e-01 -1.875307235831880970e+00 -4.237073103215017733e-01 -4.749138910512183953e-01 4.613446325934992265e-01 -3.202707495997092479e-01 7.109386248095204142e-01 -3.617296900847065122e-01 2.597309033610666340e-01 2.242293507585996562e-02
9.747190696408107868e-01 2.236829867408782757e-01 1.117441586677791143e+00 3.820928926089526417e-02 1.030495954317096174e+00 3.417261026301267601e-01 -3.761845950195200627e-01 8.913448468256431889e-01 -3.632821123020444354e-01 -3.589916537563446197e-01
1.061985277122401428e+00 -1.271479886602762122e+00 -9.537467894588370909e-02 3.357531166855729499e-01 -1.047468590540996392e+00 7.473416852067005234e-01 -2.828917171420923804e-01 9.182043390459964094e-01 8.904882169349030707e-02 -1.540412389364618884e+00
2.836321113338912542e-02 -2.141577525104025048e-01 1.186496964539118792e+00 8.119433295237892256e-01 6.376618674405774012e-01 9.006813419213182126e-01 9.267470482307088586e-01 2.796823812699740161e-02 1.011005440030424030e+00 -7.847331243989693617e-01
2.822168382868298631e-01 5.271429126823679034e-01 1.836833794893220351e-01 -3.935733959745567057e-01 -7.834348980777989802e-01 6.897908933868432957e-01 1.179252551786487357e+00 -3.119222681735531744e-01 3.499804980814668065e-01 -1.015847605738749770e+00
-5.386890517304294967e-02 3.466508764426126099e-01 -1.075519032514410389e+00 5.470082050147949404e-02 2.054718795864190206e-01 6.623740614877963173e-01 -1.556396308944347551e+00 6.642346726688471703e-01 -1.139367519028995135e+00 5.366776775395602772e-02
7.520761947941821957e-01 1.320240440451334374e+00 6.445517108651287186e-02 4.211367018122256778e-01 6.898248615348945290e-01 1.010736795696008716e+00 9.713500214956221068e-01 1.125224075115516920e+00 -1.816158557300550369e-01 1.334453355417241915e-01
4.078619710814401222e-01 -1.490610272943865944e+00 6.227366072574173073e-01 -9.717551966707439759e-02 -4.158594035674075678e-02 6.403850831721824566e-01 -6.004698330900436545e-03 -2.507447793615830145e-01 -5.190205889883368201e-02 1.000453281803216077e-01
5.672865710714848353e-01 8.978892775622128175e-01 9.034845909701766375e-02 4.409503451114986095e-01 6.360129278306956291e-01 -3.576697285509032320e-01 8.270190181976787569e-01 -3.058894671431839352e-01 1.331940905381093568e-02 -7.346695699858251105e-01
-1.547999935561712892e+00 2.953534358790785297e-01 -5.317268959803532757e-01 6.096612549604704112e-01 -1.109043574926200648e+00 2.131715094850214209e-01 -1.379677689513201688e+00 -1.104661128939016593e-02 -1.444990266843312110e+00 -4.547172424462262441e-01
-6.200084451730026869e-01 -5.039983450926446840e-03 1.424548994344547292e+00 4.662732840845107973e-01 3.956593691411734448e-01 3.543298727927932101e-01 9.869532162359070937e-03 1.569153718761197580e-01 -1.354662562504048262e+00 -2.870684416466889322e-01
7.998909616570013537e-01 8.485447759650742716e-01 -3.415376590121403377e-01 8.960835590476990964e-01 -7.018749679608612402e-01 2.551421774685038169e-01 1.378265019990650764e+00 -4.026291431413078215e-01 2.877007159330529085e-01 -1.875769548763618899e-01
8.331420610240277691e-01 -4.086620463097896949e-01 -5.473768443444233800e-02 4.688293678565740308e-01 6.538390490403852562e-01 6.570533188913851852e-01 -1.319822031784547052e-02 3.090367819380955283e-01 -3.379794112857014143e-01 -1.018157667994722543e-01
-1.258866208547457788e+00 -1.424023721004564091e+00 -9.579835855662329758e-01 7.336761586139114444e-01 -4.442306513808621515e-01 7.271948549879322932e-02 -3.829597070581734486e-01 1.090675017659570756e+00 -1.430532820949437678e+00 -1.775285316172857231e+00
-5.071812839970485376e-02 -1.340052151859373319e+00 1.015842139595397042e-01 -5.483696042758121614e-01 1.484075913476190223e-01 6.705517661914629501e-01 8.258707504382176712e-01 2.897654722249505821e-01 -4.357946735782614600e-01 1.239379172205239854e+00
-3.529104050391577707e-01 2.536907654759503750e-01 4.823085641524351153e-01 1.011362084915609749e+00 -7.673821380443834883e-01 1.098882007531199134e+00 -1.309246038481303998e-01 5.205225330989809995e-01 7.119958954384210115e-01 -5.217974187951457399e-01
-7.728299875286440690e-01 -5.308537408418905201e-01 -1.601567592822760733e-01 1.063854664686667978e-01 -2.221434592286226639e-01 -9.908517542151350221e-02 8.434248437354910921e-01 1.326640486458219970e+00 5.486916490619497822e-01 -8.289019282652096421e-02
6.568984047221050337e-01 -5.781947163257925570e-01 6.278765424960776054e-01 1.007545387204302090e+00 8.038003021639494872e-01 -2.959642933195957837e-01 -1.266405552841540494e-01 -6.977907870046572425e-01 -1.726818834201507558e-01 -2.217084559998811155e+00
1.431308657729887024e+00 4.817641631969882265e-01 6.324151050478117320e-01 -2.708874816809698355e-02 -4.587974057605002931e-02 -1.623554075368220939e-01 3.418258455522156236e-01 -6.815355661023060341e-01 -1.354164177906291844e-01 3.000099691775693356e-01
9.295517683352089167e-01 4.342754745955691442e-01 7.384245769432229434e-01 9.619401981738802121e-01 -4.121054199446422261e-01 7.966297379179277938e-01 -7.456422613555367951e-01 -7.471091368482277728e-01 7.596408220141354084e-01 4.875241409745816323e-01
1.036916788208154472e+00 7.662715176743339907e-01 1.249252442365532012e+00 5.919892094909786628e-01 7.990149802777308796e-01 -3.412743405707791000e-02 8.547710071984370162e-01 -3.570657711142093960e-01 -6.141942883900903816e-01 2.136266917538277854e-02
6.132815930315972386e-01 -2.056427802803825866e+00 7.085270522123175985e-01 7.172844028163413155e-01 5.779485890777117385e-01 7.216441790663516986e-01 2.423043964165155495e-01 -4.975439627091980954e-01 -2.599589554560443272e+00 -8.472111743944588103e-01
6.356485147472429320e-01 3.565151245886112874e-01 8.109144610249680030e-01 1.610873650821744496e+00 5.291094250443916652e-02 6.822850772063214775e-01 -8.657090436017358392e-01 -2.526312528868911444e-01 2.614840650213495765e-01 2.049552015690700169e-01
6.182599869319648639e-02 8.507563161951884334e-01 5.874483380804318422e-01 5.918248030056709741e-01 2.864509000998673449e-01 3.803975933569898604e-01 8.844245722530644782e-01 1.567753436161531955e-01 1.313133764746065857e-01 -7.946867554922756316e-01
3.627105727969189841e-01 -3.190315099252903353e-01 1.644335464976267591e-01 6.526091854614288756e-01 -2.848384215813881126e-01 6.468771320072480568e-01 -1.327370840090888349e+00 1.411176672329926551e-01 5.132836584313432704e-01 6.343615125350643424e-01
3.256968110962464857e-01 1.653137843752089386e+00 5.828197851343559499e-01 6.552378292536464865e-02 1.061591117089495384e+00 1.193159533734707844e+00 1.900212830139467179e-01 7.002372962857636995e-01 3.936622698961350086e-01 -2.164458509593813751e-01
7.197686974253239556e-02 -1.898773239461385709e-01 1.018085670755797922e+00 -1.599125340960814434e-01 9.687389739150173429e-02 1.030322914694173475e+00 -1.219709694911666614e-01 1.993316125109100057e+00 -1.359781067004494304e+00 1.142933030138127748e+00
-6.110506267295788829e-01 9.274373402265122524e-01 6.136900090174448597e-01 1.525065303403873695e+00 -7.398549017290334540e-01 1.440692585304242379e-01 9.599238882063066969e-01 3.867810467767593963e-01 -9.827220834015244488e-01 2.876036076245885309e-01
2.066362475200820836e-01 8.286824365672699200e-01 -4.517201372449312635e-01 -1.071219264046675779e+00 -1.024466455346531024e+00 7.943647834227017812e-01 -5.538010429061264173e-01 -1.974323724211189679e-01 -3.038946109579844790e-01 -1.562213919717487520e-01
9.133218429497188540e-01 -1.614732289173521407e+00 -7.379548942448758975e-02 -8.658181246027290001e-01 8.572686328963878832e-01 6.563715482546164104e-01 7.059977402506280031e-01 1.041733091418476365e+00 4.752616741073714124e-01 4.785934161079570814e-01
-1.571267073139392068e+00 -7.648000186306364023e-02 -4.236725041073599596e-01 -2.698830270506623052e-01 -3.422921699498442105e-02 -9.387103974126111972e-01 -8.331764159876718923e-01 -5.864815145021819998e-01 -5.154203770104469617e-01 8.051175404484341158e-02
-5.423687477463307038e-01 5.452080319030578881e-01 1.873460335404417976e-01 4.131790156022675520e-01 4.070067325845260764e-01 -5.475011250148178465e-01 2.306851097422664421e-01 3.204205443826157462e-01 -3.137559529679071479e-01 -4.267840719964400287e-01
1.441703134775299822e-01 1.002347623181411851e-01 5.275706889107388553e-02 1.370514529345749244e+00 3.687506887034121272e-02 4.129678615673418873e-01 -5.479883337424845680e-01 -3.547037982180038101e-02 -3.057727481446420037e-01 6.237577315668472178e-01
-5.975396691801090343e-01 -1.922302159064183669e-01 1.920668722811921802e-01 4.819043051615437556e-01 -2.754006282414552254e-01 4.834552965065935237e-01 -2.873758902952017635e+00 4.064025867862580688e-01 4.722704555711965124e-01 1.982034961208743035e-02
-2.449304891519873684e-01 3.300546690727897969e-01 -2.796412189288001171e-01 -1.556312454327330071e-02 -7.917802800313130662e-01 -1.005721115905537921e-01 -7.293910903510854027e-01 1.817504849877949191e-01 2.797853325080740250e-01 -5.955518374484433664e-02
4.664840458378307075e-01 -4.506419688004238422e-01 1.008923138233677408e+00 -1.148548971479416814e+00 9.921727774376752629e-02 -8.005384392921556513e-02 4.568135467888638224e-01 7.935888477728951784e-01 -1.803120584742377241e+00 -3.359201027975261544e-01
-4.274712671403059217e-01 -4.066230626025269523e-01 -4.616510491947662387e-01 1.481795717194253278e-02 9.544198739265522535e-01 -1.158263729598130315e-01 -9.476415486547824785e-02 -2.918014579795229491e-01 -8.912003826132743889e-01 5.805253012287607539e-02
1.567280282809734582e-01 9.631119789361661798e-01 8.900878566638519285e-01 -3.374492918870595770e-01 -5.474315221810290844e-01 -7.208068521661302464e-02 7.438312809073410747e-01 -9.717465762505276272e-01 -5.241549067474324808e-01 -9.092679816980319130e-01
7.019874115257285219e-01 3.063296187458106057e-01 9.313200383364352852e-01 7.055098791727399954e-01 6.218085644469072415e-01 3.895761444915594729e-01 9.210802873576777461e-02 1.785318913828744247e-01 1.417129722361361255e+00 -5.580496345256688029e-01
-3.525265252458304466e-01 -6.073197663140204039e-01 3.685549367699802459e-01 -1.205046614795376725e-01 6.290003778349005925e-01 -3.944636693113623416e-01 5.982384489857189847e-01 -1.001399821028808312e-01 -6.043314057982684950e-01 7.500036712570554709e-01
-1.724448954942474854e+00 7.211343039539668265e-01 8.175607037410138611e-01 7.827883650675330207e-01 -3.504075693136051717e-01 -1.528470592629401770e-01 -4.926358263300174012e-01 -1.787271124735189676e-01 -5.239119984517180972e-01 -1.010580884864271667e+00
1.052733915699875615e-02 3.032419237462732342e-01 5.109687814480545764e-01 7.613506960368819909e-01 -4.947514446870736049e-01 -8.203353070760481536e-02 -2.183015000432746711e-01 8.992689325215074136e-01 -2.078212969210904010e-02 1.000625446231189764e-01
2.025819278797991174e+00 -1.373901037332727615e+00 2.745719480775700161e-01 -1.249547372509291071e-01 -2.239474960477723375e-02 7.422680814989898179e-01 -8.964961852896210504e-01 3.902693165130811104e-01 3.847269665151347162e-01 4.226534676235408350e-01
2.137370171991991585e-01 1.189499517864043510e+00 3.772410787738817994e-01 1.405490808431742789e+00 6.702332482372154177e-01 1.297269973615113203e+00 5.347981652049862422e-01 3.888175325424581552e-01 -6.339775957899639325e-01 2.693608206878939648e-01
-1.085034173876792130e+00 3.279547636190054960e-01 -4.550360153173665378e-01 7.069282447050573293e-01 -1.568900073380808391e-01 -3.855098212200831487e-01 -9.625987373501881939e-01 -5.502426206134611864e-01 -6.494821540348827416e-01 3.792394156647417303e-01
-1.261576926824810041e+00 2.660229306051029030e-01 7.857294429689806181e-01 2.174501102697989907e+00 6.052086306008438443e-01 5.980823730299587027e-01 -7.058223882847675101e-01 1.015527344735959181e+00 1.371272757636128048e-01 3.950886591762107769e-01
8.016961959967190687e-02 3.123203141718340903e-01 7.703744677040399447e-01 -1.279580256878530831e-01 -8.128356817681039459e-01 9.464504048920439894e-02 1.908071437615401489e-01 -1.436377530628182020e-01 3.378644257096487524e-01 7.001246161397826073e-01
3.014014060830260688e-01 4.148897920425757141e-02 5.613658055490876597e-01 1.141161787974533715e+00 5.515460920661661159e-01 5.940250971786087408e-01 -1.190159348485535951e+00 -6.365290382539942060e-01 4.059336032881308981e-02 6.067516957741267980e-01
6.188656505152640985e-01 2.079128224979142070e-01 5.165344463529184527e-01 1.440667810411028871e+00 -6.915241065795516007e-02 1.231905393684690209e+00 6.939206348100517285e-01 1.512407518337226309e+00 1.197132609125347358e+00 1.279015252477709197e+00
2.012445998613604292e+00 -1.949721194427860294e+00 7.924019518192838840e-02 -5.764578713014849587e-01 6.624955429566871112e-01 2.959066746928503688e-01 -9.522919060049787054e-01 7.683549980786801292e-01 -1.677289448376795056e+00 -3.991213049835509175e-01
8.273361778853761672e-01 -2.406694992552512069e+00 5.196684457003445390e-01 -3.841597435121402171e-01 -1.988402790694904776e-01 3.856112645064309619e-01 7.523937079688535201e-01 3.667829950454080112e-01 -1.560977552179397154e+00 -1.978937347237669009e+00
-1.246096327643145124e-01 5.404927137957439287e-01 -2.897435084689957696e-01 -4.765825124133635238e-01 5.383214036916001560e-02 2.143446034423860114e-01 3.035578375405510454e-01 -1.381793305069539401e-01 -2.182223290942926219e-01 -2.440468251728981353e-01
-3.133574585710373617e-01 -2.285518100885710335e-01 -7.195348579576625880e-01 -6.494811154422612809e-01 -7.091503475923903732e-01 -8.378959518761942560e-01 3.419383902471415104e-01 -8.052550000197137292e-01 -1.659122036775795950e+00 8.358379277961774934e-01
6.767747258392018406e-01 -1.358648737956772878e+00 -6.223272520137087538e-01 1.629858040812452447e-01 5.198514575929210624e-01 3.819572020781779754e-03 -5.274048213044302269e-01 5.272363812331970490e-01 -2.163626933806821473e+00 3.433249721266364851e-01
-3.065760616786977200e-01 -1.566887353827773333e-01 7.604697772679367418e-01 4.334145009168137719e-01 -7.141412358599640298e-01 6.193757395579222447e-01 7.229411443462979703e-02 -1.806899221981505058e-02 1.723290267535040332e-01 -1.554365720001510187e+00
-1.789556064260624968e+00 1.283659397316836648e+00 8.346680700394863983e-01 1.128694477367007787e+00 5.825022835747623029e-01 1.163690218630550222e+00 -1.483968421505137192e+00 1.170360688815651251e+00 8.754308141862335857e-01 2.339526282320556205e-01
7.897526817293096801e-01 -1.677381483514826410e+00 9.833055865651321170e-01 9.760531342797970078e-01 8.360898626466038985e-01 -1.739326801222989272e-01 1.042972973298035511e+00 3.384284834048186807e-01 -1.076888700750211703e+00 -1.412223613642580533e+00
-1.583936387429338843e-01 2.129515037071683659e-01 1.182197930895962923e+00 3.801430136794936576e-01 2.654526971286286785e-01 4.142389681758946729e-01 1.211686945607353794e+00 3.447166720071302426e-01 1.037158811577067741e-01 -2.340851356664827854e-01
-2.197502108855376335e+00 -1.961482080592776844e+00 -4.014868967256407517e-01 -9.040472264816371561e-01 -3.975781125260729465e-01 1.175240819817668092e-01 1.875861759705911513e+00 5.291908485923171312e-01 -9.544185264291157322e-01 9.783487258020207022e-01
-1.743399244150018734e-01 3.265537797419342803e-01 -3.344194078883533372e-01 -2.515222871254561010e-01 -8.074148288573596011e-01 -2.203574634156412471e-01 2.373527939161372835e-01 -4.199527614064333947e-01 -4.277275058393081864e-01 -2.631880122446196846e-01
8.797503305547244024e-01 -4.345122805777635322e-01 7.058325638851550843e-02 8.357320992068211218e-01 -9.972877959839832052e-01 9.090462096435260042e-01 -3.497450079187872096e-01 1.334560491223487189e+00 -2.121137486452039145e+00 1.309922693606257460e-01
-1.467546953953877964e-01 1.245759155768430826e-01 2.222042349153535157e-01 -7.648464054268264145e-02 -2.724783275653130388e-01 1.083117734526806819e+00 -1.022215094350051201e+00 6.840403934802963271e-01 -2.988213738297642794e-02 -1.380134333084634068e+00
-1.300860478310042145e+00 -2.225562199722732615e+00 1.036001274588086885e+00 -3.283923725302103636e-01 7.880471868259760759e-01 7.378518900304609218e-01 6.905435038391208868e-01 1.441409577365968531e+00 -7.276436104637976632e-01 9.700628881852391139e-01
4.261909279910045534e-01 6.575572983899082846e-01 4.570447341361061899e-01 6.104935197358174470e-01 7.459797113155573235e-03 1.252302868870098340e+00 -1.286168620541517038e+00 1.601551425271324991e+00 6.329431046881023315e-02 -2.423189694792814652e+00
1.023955605784665490e+00 -3.250719535275283789e-01 -2.902052051529208643e-01 2.158125936797244959e-01 -4.679687931277832225e-01 8.031064872679456734e-02 5.181117663721913624e-01 3.750707945929216969e-01 2.009963209694989594e-01 -3.293757988290036409e-01
-6.523942916447446061e-01 -3.517719022122948735e-01 -5.708763007876769408e-02 -2.134461524280634848e+00 -1.709202772354070365e+00 -5.150528189144925051e-01 -1.619019893391466125e+00 -5.870662825646570937e-01 -5.283280511476136088e-01 -8.916574540229564860e-01
6.528005132818791578e-01 -6.546858105000854522e-01 3.597989137404599691e-01 -6.012996437643793879e-01 -1.918406727926985633e+00 -7.590848679151089851e-01 3.405685118013879187e-01 -7.024149686122583836e-01 -2.105064048928254827e+00 -8.552564814612920729e-01
2.525365039493756014e-01 -1.052446476740903358e-01 4.004660854592723140e-01 7.836009128083308850e-01 9.615631273548157498e-01 4.717208137723894468e-01 5.441570650584438562e-01 7.819854497952971606e-01 7.043805104618265922e-01 8.941395349464580089e-02
-7.006189050926950324e-02 -2.269497777183261122e-01 -5.091999459204704648e-01 -1.605593020689222605e+00 -1.275693462705181469e+00 5.961490529410639061e-01 1.592755290595594397e-01 1.233282135623294529e-01 2.316442144898547828e-01 -2.220864708967839718e+00
3.663091935190408988e-01 1.153634274059390341e+00 2.944313220047064528e-01 -3.020650391138899327e-01 -1.192882763820824366e+00 -2.279143957710468710e-02 1.376181157513318432e-01 5.209883509896505727e-01 -7.816305426458907135e-01 2.428558522702174149e-01
6.488558054664231856e-01 -1.513213515190885650e+00 -2.791030312879466159e-03 -2.745219896421804417e-01 3.101755497783303950e-01 4.173951505011772589e-01 -9.686220868383595972e-01 9.160735241687882613e-02 -2.418628745652673828e+00 -1.183787792520558213e+00
-5.353466331616131280e-01 -4.000246044368392373e-01 -6.976646151131569995e-02 -1.396447093134171036e+00 -2.919699038701250582e-01 1.577507990210218203e-02 -1.620540476451164114e-01 -1.801903507956304218e-01 4.608249185260681613e-01 2.214957316453997349e-01
3.885490939240625607e-01 1.793621341622043008e+00 4.992478405152085408e-01 5.817499850808777184e-01 3.688731802660563108e-01 -7.586333589626059748e-02 -9.139556599489493394e-01 -2.062406042786347204e-01 -6.324966691351265047e-02 1.358214913832049009e-01
1.029276210174237649e+00 -1.423151082349948471e+00 -3.969503016794480033e-01 -3.233419717308018138e-01 7.077063992348390231e-01 9.108034470663715076e-01 8.710411613005669684e-01 1.221825602213963968e+00 -2.704445323209662133e-01 -1.019227280514478418e+00
4.510405733008635565e-01 -3.858199931994784615e-01 -1.058545440604849563e+00 1.893923489748805811e-01 5.910208721809224741e-01 9.766190343546301555e-01 -1.305460426684868169e+00 1.938696399785353242e+00 -2.278635791872771765e+00 9.972784423769928130e-01
-1.226176497377505115e+00 -1.813196440515769225e+00 -2.513168670349116493e-02 -1.614689556787433977e+00 -8.016410111641564251e-01 -4.401725866480226679e-01 -1.857735969063130765e+00 1.270390206718028693e-02 -1.468391778995461250e+00 -9.312041871857422715e-01
-1.023212737489968882e+00 -8.339385630289720963e-02 2.796385450106614323e-01 7.359034917294952072e-01 -3.721448605536897825e-01 -6.118526364360329373e-01 -4.710905328198872200e-01 -3.874502662151363408e-01 -2.897926721473335632e-01 -1.309136653287548135e-01
-7.390982561997632150e-01 -1.770230842002087912e-01 6.985268552431933564e-01 5.603033990983667667e-02 -1.381735897223377307e+00 -5.501082900738990533e-01 -2.334323850632336939e+00 5.124407050537550523e-01 -1.003413626217155130e+00 -7.136675606802920235e-01
5.394656411739693347e-01 4.440221561647590409e-01 1.490955965510605274e-01 9.493673905664390400e-01 6.992194925045687182e-01 7.723392228400653980e-01 7.135214132964241562e-01 7.043237274807533366e-01 -2.673041912662844632e-01 1.757982090091799066e+00
6.912687514075794848e-01 -1.533311055181037608e+00 1.015052803389687286e+00 6.580678893047587907e-01 -3.964055349462352051e-01 6.732417590102659499e-01 -1.103022125042433244e+00 8.395141994778720917e-01 9.625713545387386549e-01 4.089128184770928764e-01
-1.178328517215794902e+00 -9.805512226522771213e-01 7.831707482789226349e-01 1.202793116039109655e+00 7.336021037609430362e-01 4.552228946668470111e-01 -4.842496932493646211e-01 5.210734891053316886e-01 -1.561646563001568344e+00 8.477828873648938224e-01
9.497980547783400895e-02 -1.572574580197889649e+00 -9.629645782926765651e-01 7.766766711604443651e-01 8.336677253543026689e-01 -1.060159521134793892e-01 -1.220212403288089970e-01 1.515920957624401710e+00 -5.816083155104382341e-01 6.645946120670823687e-01
1.019297747807565990e+00 3.525419548060015340e-01 7.310684345390348060e-01 1.266590354537733554e-01 -2.983804488341927352e-01 1.530119717412369851e-01 9.119569266079982639e-02 1.051706590842492517e+00 -3.582486004316550732e-01 1.741983319260340446e+00
-6.948341784627497242e-02 7.242860094406528004e-01 7.371119948391497978e-01 1.514073683528348868e-01 -6.622193801266952617e-02 1.295893996745210552e+00 1.244371447999562896e+00 -1.372086158219791630e+00 3.730746260606493947e-01 -9.513742212840737844e-01
9.353355912458402588e-02 1.197161730508961242e+00 1.079768272113276861e+00 1.065930255622103306e+00 -3.411326270334908983e-01 1.167383923465442841e+00 7.047234151751173847e-01 1.048724020293072823e-01 -4.718393524448596943e-01 -8.106171435839596429e-01
1.151503597991395678e+00 1.104587874640198475e+00 2.581488649980205885e-01 1.089016171125854360e+00 5.573185796813342474e-01 7.408654222197332828e-01 -2.233114723019791747e-01 5.182160960212898182e-01 3.588796210554121013e-01 6.124744716171129921e-01
-7.728286944642488443e-01 -4.521061085783223410e-01 -3.428514716737525725e-01 1.253483702449059989e-01 -3.540927671795252585e-01 -1.435453318399382283e-01 -1.086975892977106062e+00 -1.406149687713916574e+00 -7.740287737401243540e-01 -6.373246669215881788e-01
2.519410444264767457e-01 -1.922947793139103467e+00 9.730190699466948479e-01 1.460921884468646459e+00 1.492280487980808701e+00 7.362273605853686398e-01 -7.882336186772814779e-01 1.516881735958382382e+00 -1.805808299806784367e+00 -1.178213523410316793e-01
-1.446587786201165016e-01 1.699030980998955942e-01 4.645750622343273184e-01 6.682200581756366775e-01 -2.573077885659241781e-01 3.310567731158771121e-01 5.592471625445464278e-01 3.560230839896426080e-01 -3.723289330415793536e-03 -7.873999798142894413e-01
-1.349431010310729040e-01 -9.622170109005669936e-01 3.218778949924039900e-01 8.507328955908202150e-01 7.427421219446784795e-01 7.552616668363371089e-01 1.453414522133608111e+00 1.758375885802934802e+00 -1.966510675244200090e+00 1.173324943731326675e+00
3.475480847654906502e-01 3.854821567007437055e-01 -5.173302350215844836e-01 -1.462394565684005165e+00 -9.199787186836184683e-01 -3.080378123969290671e-01 2.038578006192842129e-01 3.167395751815241245e-01 -1.215429305871496224e+00 4.253040659277845248e-01
-9.658960105452073508e-01 -1.897868294608643369e-01 -1.108747232324002407e+00 -9.606363304059699348e-02 -9.771194836081608104e-01 -5.486164799652386570e-01 -3.726675449900497816e-01 7.003501467773526334e-01 -4.863138610739605183e-01 -8.796800095898041905e-01
9.975940683060045000e-01 1.979420378047466178e+00 2.112344046474148862e-01 3.841088451455826336e-01 4.022784821899299396e-02 1.316807566003628249e-01 3.483753511108688139e-01 2.704846625995568354e-01 6.512979788478165943e-01 9.110240354256818329e-02
4.344743032651970926e-02 6.939616251223204024e-01 5.238900990408253966e-01 -1.007035042944196768e+00 -2.392905086329324416e-01 7.191535395338607417e-01 6.793810989128967748e-01 5.288421361663120379e-01 4.392844697044291924e-01 2.360837535423002675e-01
-8.477779394871413909e-02 -2.007536504280118095e+00 -6.019691906054595032e-01 -2.738951886928923662e-01 1.074381786321644716e+00 -4.104873296346782108e-01 3.454932326728622494e-01 3.725027302224864778e-01 -1.910729414013053185e-01 -3.002388557319145002e-01
2.558974972604281195e+00 4.144406831129344715e-01 1.401294494538693369e+00 1.075785419803110932e+00 1.075633277248976949e+00 1.179463081007841918e+00 -2.982657400921398416e+00 1.009142107665336185e+00 -7.148048450989904490e-01 5.902229907871526793e-01
8.889953110185514484e-01 -5.318864252896088329e-01 4.975588327963751945e-01 6.868666014824665877e-01 6.760184054990932001e-01 4.451272690008252209e-01 5.334778970957472222e-01 1.724031541202278861e+00 -2.649240420799253481e+00 -1.858334349290162946e+00
-8.172751281340340235e-01 -1.074706435571183144e-01 3.693471378931099114e-01 6.036321635916255257e-01 -5.115794328667044866e-01 4.207321459583177603e-01 1.282089443668727347e+00 -1.890807250691243502e-01 1.394632392914610108e-01 -2.446268567510508640e-01
8.408739623074136527e-02 -9.512088645767126094e-01 1.124300903895100873e-01 -5.301109467391593721e-01 9.406062860131840786e-01 -3.410281233486544411e-02 1.404500613422347222e+00 8.421620085516359211e-01 -8.117310057193207751e-01 -2.231304155286004676e+00
-2.894578886139594354e-01 -1.303180331825007920e+00 7.610262154206337559e-01 6.890508584152165161e-01 -1.060637302495635259e+00 7.426986509679286419e-01 1.272690812317212317e-01 5.534278194963301312e-01 -1.787370252523012182e+00 1.349597699291928965e+00
-4.155026797707442876e-01 -3.979434080377478034e-01 -1.991111011746991843e-01 5.146068152529172934e-01 -1.244332678124608238e+00 4.597453673300863630e-01 -7.821114288427317984e-02 9.090969327403726208e-01 2.533195586053715309e-01 -1.248329913851501605e+00
-5.119142612688172278e-01 -5.571565814621783908e-01 -3.491856216710411687e-01 1.327661080061585397e-01 -7.468779485188430378e-01 -1.042302711251382463e-01 3.750875186743881096e-01 -5.354908216896971940e-01 -5.053142113214000863e-01 -6.694725136697788903e-01
4.052977041587723650e-01 1.402640349104629092e-01 7.229055646135222890e-01 -5.251024936634813844e-01 -6.197573819207651269e-01 -2.763586394036705585e-01 3.283792200740880962e-01 -3.324249532486168168e-01 5.259310364973519558e-01 -1.050955887823637885e-01
2.294883800030212306e+00 -1.452437271917581540e+00 1.035837613141514346e+00 7.045677086858648241e-02 8.938029825289712793e-01 -4.073386691211297594e-02 8.533001621186248054e-01 5.986846238918434038e-01 -1.616305821726141456e+00 7.416963700188407005e-01
8.518775028907452640e-01 -4.225931799996632265e-02 1.947064051771838278e+00 -1.323349157666507958e+00 9.955896544077935673e-01 7.416272714857826687e-01 2.098704511738923806e+00 1.405005279408687802e+00 -3.145495822837655719e+00 4.410144838967104963e-01
-1.970005048205453746e-01 -2.334976698594569411e-01 3.924038909691828780e-01 1.759854464598272772e-01 -9.649848335415115441e-01 -6.538926513052431555e-02 4.620416763405675309e-01 1.662953564875335744e-01 -1.345548929925203252e+00 -4.639637244693132767e-01
4.573592508307275373e-01 8.065079817736950929e-01 6.074483442966954749e-01 -2.494047309026500847e-01 5.940664425051577213e-01 1.343764389261277170e+00 -3.396721806551080136e-01 -6.298358218075919557e-02 -1.534075848797999742e+00 -1.836705535997314176e-01
1.443171181751503385e+00 -1.225040882776618822e+00 -2.532574416830980502e-01 3.239597540750964177e-01 1.970687953467341325e-01 9.212401326663192114e-01 -6.646451940855859775e-01 1.898423484922624471e+00 -7.426047226979042293e-01 -4.968147865996142554e-01
-3.403061969059458236e-01 -1.700962412010849079e+00 -2.037643510798253788e-01 -1.978695744943330226e+00 -2.391862781694359952e-01 1.228033880393314958e-01 -5.579457945100880778e-01 -1.029390179161034369e-01 7.107474430796903997e-01 -2.053525357614922053e-01
8.453463707949905315e-01 -3.439511270315954716e-01 1.899137343583104098e-01 -3.731530262830027450e-02 1.262376569571589835e+00 7.464266592623259866e-01 1.101170894666316930e-01 5.210345880605778968e-01 -3.930015157018477978e-02 1.827480398760383540e-01
7.200996925214404598e-01 -1.401075227556597858e+00 6.276369714247743703e-01 5.236754952224405013e-01 -3.627294639533170106e-01 -3.678122948221456134e-01 -8.673831768623331273e-01 7.254688622398933195e-02 -1.027198755629105564e+00 -2.231279228733285824e-01
1.332601751485757768e+00 -4.962610654045266356e-01 5.099126618685361212e-01 5.495090540942114687e-01 9.013346724763082740e-01 4.258890680859274691e-01 1.665606630468334237e-01 1.239322472982484546e+00 -6.628933022271128461e-01 -7.875780147983528767e-01
8.131129926371710726e-01 -1.000369619372629915e+00 5.972187054801743056e-01 -1.868952171624076009e+00 1.093204348946099635e+00 1.144424895555656407e+00 -7.328501639387159372e-01 7.409647442649021087e-01 -4.311218242360914665e-01 -1.041868278039238094e+00
1.182495467000301392e+00 -9.266717736679757067e-01 1.016000900889261205e+00 1.869302317673337543e-01 1.283293228485173021e+00 -2.189721487365925146e-01 -2.264931140392522302e+00 9.114710175309927165e-02 -7.480756598842780436e-01 -7.151628231157621807e-01
9.219374099087951357e-01 -2.262327190797325027e+00 9.568977750537942528e-01 2.485652321265565678e-01 3.591830191578011533e-01 5.816609709980229415e-01 -2.844639342699714080e-01 4.286533382993204522e-02 1.035155456804878638e+00 9.395652487666737718e-03
-3.935418305055305571e-02 8.470684429282223649e-01 2.465735880003940561e-01 8.145793104341485513e-01 -1.812685440717113794e+00 2.213273157045972384e-02 3.965729725287543417e-01 8.635477308873702462e-01 5.154196863678463941e-02 5.276299190521740456e-01
1.308874788192567307e+00 -7.649021548168005724e-01 4.183791842285793927e-01 -1.042718357427427217e-01 -1.066675847083948359e+00 5.566046562458167868e-01 2.837577130451838237e-01 2.217856861812401437e-01 -1.328326096357340225e+00 7.157977998281271903e-01
5.383256898438226745e-01 5.179827146932525217e-01 8.387586060053940917e-01 4.375331864090456491e-02 -2.223625057640241098e-01 -6.541689105527408177e-02 1.014853771392153936e+00 6.903805998427522406e-01 -8.865549196607739324e-01 -4.164670039595637641e-01
-1.259715986914246022e-01 -1.692125876722917699e+00 -6.799782075459552821e-01 3.983490301432388025e-01 -5.891107948409606276e-01 -3.145279734979580799e-01 -1.569839031691993236e+00 -1.493832163270468194e-01 -2.162384152232178725e+00 3.320697473573671066e-01
-4.435538293489574846e-01 -8.609189772550212005e-01 -4.572482978745057713e-01 -6.188471317360390023e-01 2.824168364868355763e-01 -5.795174030407397314e-01 1.166328701388191114e+00 -5.928246232331022547e-01 -5.988527131717545915e-01 -6.931477819927913675e-01
1.284556163384397397e-02 -1.006142231723587521e+00 3.977179678660728857e-01 -3.767110195862503064e-01 -5.552775930565018170e-01 -3.303057627517733130e-01 3.440204712720387747e-01 -3.057453288092609189e-01 -2.727392312362528770e+00 -1.936035251385286315e-01
-1.090826999967031696e+00 -1.397294866992643492e+00 2.794459845053695254e-02 8.173969303618279225e-01 8.066704541634541759e-01 3.136012273881370604e-01 1.294380154703396402e+00 6.815416781482113162e-01 -7.454897180249199229e-01 8.761664310126813238e-01
8.919684419316455948e-01 -8.723097560124253302e-01 3.296553438754205034e-01 -1.529981546980150542e+00 1.203207262907221908e+00 5.842831097931072692e-01 -1.933411111375249236e+00 1.222582353361472363e+00 -1.201102758067020826e+00 -7.343941515683130028e-01
-3.333885529206811471e-01 1.353674528488626461e+00 5.765842391727975524e-01 1.097025238308368511e+00 -1.153193680281229261e+00 7.026407801487551952e-01 1.507433823914332283e-01 -1.493613985052418269e-01 -1.128062650298714109e+00 -3.527997805854292679e-01
3.866837896742357783e-01 -8.365627913309133801e-01 -4.481621500673642067e-01 -2.227945401382570578e-01 3.140667598682491124e-01 4.174994491056386314e-01 -6.967263472279713321e-01 1.405465898165911831e+00 3.125482924547829944e-01 -2.341159494021639031e-01
1.548324220550171826e-01 -6.949235277876528727e-01 -3.124056393774635176e-02 7.111410289424242859e-02 -3.245998170040573783e-01 2.636884112552325132e-01 2.356766169856834570e-01 1.533928117687489046e+00 -1.545371186402115127e+00 6.319499461854368727e-01
-5.346349553533281673e-01 -8.351291011312101942e-01 -1.708440692097169256e-01 -1.844407790839699413e-01 1.259882433511430477e+00 7.616893430156219669e-01 9.612426103520310683e-01 4.643531279131122430e-02 3.984903362923710168e-01 1.005137514659028897e+00
1.171625159578193687e+00 -9.183132899006511973e-01 -1.281720359000629861e-01 5.030778473726773559e-01 -2.771209565961116339e-02 4.347467092679983824e-02 2.298145945130968815e-01 3.503246724774692344e-01 -9.467920679443911913e-01 -2.693172115945449363e+00
-4.580198157007585313e-02 -1.422818057262709601e+00 -2.772631890761422802e-01 1.770067673171206168e-01 -3.332125855885769705e-01 4.592033114397960913e-01 -1.440268623649409330e+00 2.509027792547934843e-01 -4.135200205232510418e-01 5.696812235315333872e-01
-1.676532986278385096e-01 -6.600068071227840338e-01 -4.293461301965420529e-01 2.418413840927546507e-02 4.856239549093829821e-01 8.714055258020221295e-01 -3.887818714940451392e-01 1.640965219262823682e+00 4.124331513784704195e-01 -1.208028998522942876e+00
1.797256694737228711e-01 -1.175820679286539994e-01 1.861356092766147663e+00 1.413883898859955857e-01 5.741933480004133283e-01 1.140076585792282327e+00 -3.112004226723957268e-01 1.436199227691258962e+00 -1.877369352842555461e+00 -3.341437163537166466e-01
9.448090118145658911e-01 -1.858527401578813631e-01 7.567311350016973914e-02 3.252262286263342128e-01 5.660697579255672546e-02 -2.407395624944391396e-02 4.803915626119729110e-01 -8.118865892685442343e-02 -8.628488943626634322e-01 -9.432741288323762685e-01
-8.833512318089216386e-03 -2.518855494611804247e+00 7.688502813667859037e-01 2.225714943106477661e-01 -1.220073853759041871e+00 1.360598339637877907e-01 -5.834309217477068321e-01 1.225220310264093504e+00 -1.544422912548240490e+00 -2.836612345155454240e-01
4.351372598235642153e-01 -1.115694717973976235e+00 5.279198379727985113e-01 3.741905135519622005e-01 5.891233830905360236e-01 -2.833909131024795469e-01 -1.659179036886257175e-01 6.942280546091632587e-01 -8.886077795708564597e-01 -1.843269769118821344e+00
-8.175319438123556104e-01 5.433162610566005801e-01 5.661248108623287978e-01 -1.091599059905696278e-01 -8.081563294933238328e-01 -4.877559610281183983e-02 -5.834750487317087453e-01 -6.774304534811013134e-01 -7.095426912844554623e-01 -1.244436743002829804e+00
4.778800307264483016e-01 4.015224746964693447e-01 1.369050473197067075e-01 1.192104501820445833e-01 -2.838416604662498788e+00 5.852158108618410459e-01 -5.755632355404878553e-02 6.131344323881046110e-01 2.551612133535959837e-01 -7.724427543510442584e-01
4.513204306984434644e-01 -5.347768862727040329e-01 1.165078585702262526e+00 9.437903108348013603e-01 1.344841246596598205e+00 -2.092677894099468638e-01 1.110242728052668992e+00 5.848315240119613678e-01 -9.814293619993529338e-01 -2.297050234146391201e+00
-2.916189624465996832e-01 1.233168462719023972e-01 4.422704568129891545e-01 3.181398792998707536e-01 1.230922166664911999e-01 -2.061962737939273260e-01 8.536994644491808781e-01 1.601135103634629964e-01 -4.563044052661692773e-01 5.536168237413023885e-01
-4.010629899190731873e-01 4.326386519527158914e-01 -4.998821465064702818e-01 1.038922980379033967e-01 4.487846011971323712e-01 9.231424080282378819e-01 -2.055675664409866155e-01 3.440663901150063930e-01 3.813055815107703750e-01 1.070434329805312751e-01
-1.451788431836651128e-01 -8.850563012906696725e-02 7.039319530190295549e-01 -8.236079308881416594e-01 4.706922605646587932e-02 2.749252263656528639e-01 -1.386031683069673115e-01 4.013005617800665670e-01 5.887177847617612869e-01 -5.617907492637261857e-01
7.186029141139398807e-03 -2.979764851500129375e+00 7.802631751027003792e-01 1.195699258471104309e-01 6.816141317803831035e-01 -1.677674349624121986e-01 1.050487869513067496e+00 8.710368419673393259e-01 -1.861368277903139967e+00 5.647173051996674520e-01
4.352969875315325643e-01 3.422106224608077452e-01 -2.903725572045581793e-01 -1.092887938024359684e+00 6.304782743279144230e-02 3.013133275817343470e-01 -3.499035862026198540e-01 -6.703011777657487125e-01 -1.984953675590568345e-01 8.101759582434150953e-02
-7.376143635219547523e-01 -3.700648069724916112e-01 5.389550927427270294e-02 6.163785176287337603e-02 -1.474182835555360588e-02 2.940380112829570347e-01 7.675113512094695611e-01 -7.420696890596726325e-01 -4.441541083720892263e-02 2.403909055614645296e-01
9.699847326566242156e-01 -6.274939716368093112e-01 -8.421882676604660611e-01 -7.990927576997998161e-01 -1.396045638119257859e+00 -1.037047824918782890e+00 -8.115030434556788075e-01 -3.331879443070472346e-01 1.240391346913176651e-01 -2.685316058157139474e-01
9.853067219802446042e-01 -1.109956677424460469e+00 5.091589911589239348e-01 3.202202526291119677e-01 -5.690757743899833854e-02 3.159978338190118363e-02 -5.374212484953408975e-01 9.407638283772364884e-01 7.588027240856803912e-01 -6.553222436251241456e-01
5.641319952219964184e-02 -8.855582631391466508e-01 -1.442598056912264282e-01 2.127420716876674556e-01 -1.344130655862792456e-01 2.655451750568678659e-01 1.457591733674757362e-01 1.233850326009104048e+00 -7.297102846050498859e-02 4.926297530587917528e-01
7.608114472990824551e-01 -1.288920246755691057e+00 5.270766166046033652e-01 -5.946446483295073637e-01 8.183297239266238421e-01 -3.748214519508027975e-01 -3.438707207266613053e-01 1.609611146844896201e-01 -1.067924267852232267e+00 -8.425378283356780296e-01
-9.715303054513236836e-01 -6.197085644524603573e-03 -1.262575582548863595e+00 6.274531620502440399e-01 8.976160464791375082e-01 7.591919645949906092e-01 -3.890876037262248066e-01 1.203834976301127124e+00 2.899751468085562389e-01 6.962333118046734048e-01
1.033377750139695461e+00 5.102267556798306680e-01 -1.963932959199667094e-01 3.852618945921005844e-01 -5.060910842471566529e-01 1.136568745760851762e+00 -1.600720986262789580e+00 5.298587925834538082e-01 -2.299165037415798474e-01 -1.638596220571274298e+00
-5.269855569718725485e-01 -6.579184347032845936e-01 -9.071146380743326521e-02 1.477636094003826006e+00 9.257102231122519287e-01 6.903984817346413561e-01 -1.049505240026415764e+00 7.298559974647240711e-01 -2.795279819661797394e+00 5.131428995771321055e-01
-7.749194061861601757e-01 -9.710637596408445704e-01 9.932440468513329401e-01 -1.941772575978376134e-03 -1.454108578672665963e+00 1.837210660777335858e-01 -1.101458701687773267e+00 1.290900478591578415e-01 -3.378235618333678275e-02 -5.207384196842468338e-01
-3.916376368401434105e-01 -1.740365171313978665e-01 4.376558643999411968e-01 1.284318359374791996e+00 5.111854125548617178e-01 9.384478699925212775e-01 -8.765792754192529568e-01 -6.310202019901242076e-01 -1.839448659904360239e+00 5.173510205555681418e-01
-1.122607930720383562e+00 -5.906051295560789116e-01 -1.002142987070171687e+00 9.066097897544712902e-02 -1.186713201639859383e+00 -6.941456175005534801e-01 -1.214844306644963678e+00 -1.009763044869669946e+00 -1.148708555128309605e+00 -6.865266117556475534e-01
-5.919501199723548046e-01 4.819642302927416577e-01 5.418463121251243519e-01 1.236880315451490686e+00 -5.712535734386905290e-02 -2.461040161140028437e-01 -5.602705071228935019e-01 5.049022280921473538e-01 1.565028939401058028e-01 1.633806459669053246e-01
6.465998400542490865e-01 -1.328872638110877080e+00 1.498320859937740945e-01 -1.549739686705196851e-01 4.752382559251568939e-01 5.397251813903364281e-01 -8.988135143566294838e-01 -3.170372130868737703e-01 2.165643641947272435e-01 5.936914804999807727e-01
1.685829943146999188e+00 1.236188596589701705e+00 3.695423638226905672e-01 5.092944215850283562e-01 4.741016697968636340e-01 2.445801259770695457e-02 -6.938668277476069957e-01 2.103231718615639956e+00 2.238616454476310136e-01 7.078309841697587590e-01
-3.417493395666634792e-01 3.445965571424646767e-01 4.154192758645214867e-01 -1.290730220269085959e-01 -3.194876628673350427e-01 2.465110538418214814e-01 2.151805017635338158e-01 -6.232441891853772731e-01 2.472732288808589807e-01 -1.165465691056426056e+00
1.066529823773434416e+00 -5.185649588615672684e-02 1.006645226103819013e+00 7.642789733365864535e-01 -9.030791074734858537e-01 7.018323902906512535e-01 -1.340809375068321152e-01 5.840917737893134287e-01 2.764338761897174312e-01 6.575478404847520664e-02
1.048415886180243062e+00 3.160879976053370122e-01 -5.262261103699988896e-01 -8.915314752718704883e-01 -1.568308419085691352e-02 2.273051244239787938e-01 -6.295552921583491557e-01 -7.033111123413640087e-01 -5.147179696848068753e-01 8.946293345595945912e-02
-1.146098973986833455e-02 -1.243013683800349822e+00 -2.368966770261164700e-02 -4.450636063297215561e-02 6.365405603940755830e-01 1.804050235193403462e-01 1.057710503010836633e-01 9.212280792006070085e-01 9.592543836599390916e-01 6.854092904250427276e-01
9.171168701396885670e-01 3.521819472970717790e-02 1.809364175100415875e-02 5.257927475422464747e-01 3.434900912456835265e-01 3.715968744031777349e-01 1.911412972023810219e+00 -5.092478491314222228e-02 3.761536411482290232e-01 5.514805963975538683e-01
1.276903330973120365e+00 -1.322754856435673698e+00 1.327567181610306957e+00 3.342238384357699155e-01 4.939390938730663927e-01 4.175419050725709402e-01 1.081914770009357873e+00 5.956745453604376239e-01 -1.828603853572874804e+00 5.152026012756326656e-01
-1.011096266253641351e+00 -4.720283891906644491e-02 2.311517817978527012e-01 3.286426683547770677e-01 -1.193671567360095720e+00 3.302198248248644497e-01 -4.816461035010512481e-01 4.663373186594444997e-01 -3.560985065636835256e-01 -9.139332619545923464e-01
1.578792226733658044e+00 -1.082192827260467949e+00 -2.600026129430177968e-01 -4.736003268666310051e-01 4.066842117276482371e-01 8.717726941845782215e-03 4.212373874277639541e-01 6.998708371939833806e-02 5.079824727252018057e-01 6.832647059749378249e-01
5.952509611607466056e-01 9.520982646064720667e-01 1.402523396665717570e+00 9.824371286705101403e-01 4.877542932834653261e-02 7.060931818808267035e-01 3.438076411525894938e-01 3.025310490911532479e-01 7.962239751016238209e-02 -1.663771462734744189e+00
-6.839525291350138092e-01 2.839892317235570562e-01 5.869743937698538305e-01 -2.891566563103018517e-01 -4.734888762852479949e-01 -9.161242076460711370e-02 -2.515239016376357578e-02 -7.320743446486948081e-01 -4.714830216332907553e-01 5.504822855376768631e-01
-5.089864528998047088e-01 -2.394638677198537291e-01 1.185899685009940585e+00 7.421050782553955116e-01 -5.336849411498956197e-01 4.705690053235605519e-01 1.096642250388519813e+00 -6.196303315772099252e-01 -2.550557162544333956e+00 4.678318405930299018e-01
4.375387943266433877e-01 -2.666829426578114504e-01 -4.746478784334167700e-01 -2.761541616114652764e-01 -7.269107251157461147e-02 1.856391423576548849e-01 5.410956488004928788e-01 -3.077404071664261997e-01 -7.447472191131971897e-01 1.979727818322539190e-01
