-3.319216638752778170e+00
-1.866230134582464339e+00
-1.187209641407211524e+00
-2.822336657738755417e-01
-1.120453017941133611e+00
-5.878237344238504969e-01
-1.107875374687968151e+00
-3.207961660793313685e-01
-1.539980711693990756e+00
-2.816637604156940089e+00
-1.525700046299913071e+00
-8.091450239213909823e-01
-8.583022081162254846e-01
-1.262505020008380940e+00
-2.151363974426786729e+00
-5.415552296328443038e-01
-9.809781157903133542e-01
-6.411086378107322403e-01
-2.421920676109272641e+00
-1.345527843329050954e+00
8.347424698254647668e-02
-1.083016940563763741e+00
-2.724440923593186348e+00
-8.676528215979339986e-01
-1.208287180599378008e+00
-1.580468128334975519e+00
-1.943958081145581884e+00
-5.131985814294222070e-01
-1.164708261109054455e+00
-1.817080806215392697e+00
-2.191201969919915005e+00
-1.875776331069846314e+00
-1.063875658832634130e+00
-2.872259642334188401e-01
-2.426319268277073782e+00
-1.544754887130120879e+00
-1.908913607365001042e+00
-2.253918358838692626e+00
-4.552106173618280516e-01
-2.106767326982732058e+00
-6.285077781813540321e-02
-1.526896387564023128e+00
-7.996693930232333658e-01
-1.296893308341946494e+00
1.750121739259050124e-01
-2.800786707563435840e+00
-2.782539822993404521e-01
-1.997131429762662336e+00
-9.656294262284561558e-01
-8.186945828334768471e-01
-1.759277929688566555e+00
-7.994668476630255594e-01
-2.552215880795393854e+00
-2.323819535132088665e-01
-1.270322530807157513e-01
-1.036696682637441302e+00
-9.798058001815258544e-01
-1.035359756632208805e+00
-8.219895650987613100e-01
-1.232820703787099514e+00
-1.270281506514742365e+00
-1.990704879763185886e+00
-3.253094696866916991e+00
-1.622814214378115238e+00
-1.378147595892869726e+00
-7.033918348486495331e-01
-6.484300541472992618e-01
-6.025685706102068551e-01
-2.515545717921590096e+00
-1.213311069402578379e+00
8.217393892318267667e-01
-1.690196402111677765e+00
2.146324421719442155e-01
-6.948817257335368480e-02
-9.595716740421152968e-01
-1.165052561830961730e+00
-2.035972391090855815e+00
-6.973167123593390082e-01
-1.289998947036753663e+00
-2.855257668688705230e+00
-8.707269238194010885e-01
-2.048902673852885492e+00
-1.299628175364039517e+00
-5.018859200533060116e-01
-9.264589580255068180e-01
3.461362958110756477e-02
-1.629773271875379237e+00
-6.596917258825173436e-01
8.304508945110176954e-02
-3.126217065716877297e+00
-2.748977147800528709e-01
-3.235775245246292897e+00
-6.891520786883649219e-01
-8.140028502825815693e-01
-7.003395696831419270e-01
-1.399318115659179407e+00
-2.225832748455718324e+00
-6.570069240389607712e-01
-1.771881105492646657e+00
-1.409504651680232534e+00
-2.154378338928535364e-01
-1.258483901681067385e+00
-4.232846383246509081e-01
-7.570668286912767275e-01
-3.951180060432306074e-01
-7.767540683501822363e-01
-6.938438690802765096e-01
-1.909545892631885344e+00
-5.904843288705261539e-01
-2.604857331067297999e+00
-2.722785216573568867e+00
-2.107139956231934008e-01
-1.141069325326845796e+00
-1.471276299367175522e+00
-1.156134004420104500e+00
-2.511248373929359179e+00
-3.264247437576321076e+00
-2.161967935542626673e+00
-8.051964924910640642e-01
-1.444806392307430354e+00
-2.100812531001289507e+00
-1.706554323881465995e+00
-3.405354371415740378e+00
4.321002709810194825e-02
-8.241839696542876403e-01
8.278077127650602940e-02
-9.032671149759434748e-01
-5.671986695223726338e-01
-2.056598398930408411e+00
1.225560873112181148e-01
-6.502194951993995886e-01
-2.462465272938127447e-01
-1.424430889372439557e+00
-4.763280490751207741e-01
2.366586799944695590e-02
-5.013294696410045548e-01
-1.640137990186165240e+00
-2.057528943255295228e+00
-1.468882026073915936e+00
-1.899334054453144072e+00
-1.558250478890180979e+00
-1.247483999028027979e+00
-1.226807179428590855e+00
-2.107867817801868604e+00
-4.669830597952607798e-01
-9.700624328691709319e-01
-1.655701103881335401e+00
-1.175711939426417496e+00
-1.027170404109007729e+00
-9.870912656580906053e-02
-1.813037120541530323e+00
-7.115394024626716662e-01
-7.780546084956706521e-01
-7.395805697004388390e-01
1.843650632336411854e-01
-1.790432733489987660e+00
-2.170440910038232474e+00
-1.345299760167894432e+00
-2.266444390023046207e+00
-9.922002997542160863e-01
-6.320630642901943208e-01
-1.352104660232574140e+00
-2.213485545726979531e+00
-8.700366505499999015e-01
-1.705156662382866506e-01
-1.574065716874154086e+00
-3.232657560935664254e+00
-8.799828915801605200e-01
-2.617184450991602240e+00
-8.079602530945868555e-01
-2.317335583152951572e-01
-2.444695357300952221e+00
-2.292252215118119274e+00
-1.174920959592592240e+00
-1.542765464316572688e+00
-3.605192975667844135e-01
-1.268015448100634490e+00
-3.283810706195047224e+00
-2.361445443586903892e+00
-9.411903383739169682e-01
-1.833457198630999430e-01
5.069370834794454383e-01
-2.358681481045736827e+00
-2.757420149704581824e+00
4.745008239391391297e-02
-9.557583935637312678e-01
-7.172506356924088777e-01
-1.242718342410642496e+00
-1.739962743258567646e-01
-3.965779141843294164e-01
-5.261717247348509652e-01
-2.232068041088216770e+00
-1.299990548493944742e-01
-9.155028832244996306e-02
-1.353017940029152433e+00
-1.788100720908195607e-01
-1.224073042363978070e+00
-6.663688781526360128e-01
-1.140137330909395841e+00
-8.979896241961745629e-01
-1.502786883624261660e-01
-1.188113698731585455e-01
-6.955593454358761640e-01
-2.058246265140485143e+00
-1.967063466891270984e+00
-3.083596866397813052e+00
-2.486120050847089313e+00
-1.679220405675629468e+00
-7.503384032704125683e-01
-1.192165605457986777e+00
-8.631129184110386543e-01
-1.690892128302215580e+00
-1.476391568540854404e+00
1.261058818839803919e-01
-4.386673915556448256e-01
-1.065159665020008140e+00
-2.482023047702389906e+00
-1.487448169326931691e+00
-2.740802240695237479e+00
-2.931501104555227943e+00
-1.122336739523210447e+00
-1.449380105219144843e+00
-6.262518069456639302e-02
-4.083367181522579159e+00
-1.313738628100616479e+00
-1.299544786394360996e+00
-2.857878845665431378e-01
-8.702698696388977417e-01
-1.619488861029541482e+00
-2.251216763052217740e+00
6.061116702090871833e-01
-2.080162278718411972e+00
-1.836282180312573287e+00
-1.818132219155299101e+00
-2.835453160686923546e+00
-1.268492147164186346e+00
-1.704791607513022056e+00
-8.912970715670963662e-01
-1.326991312827384695e+00
-1.285389214327494978e+00
4.615020875667452116e-01
-4.939011380865233058e-01
-7.629629421692817326e-01
-3.202198422114228116e+00
-5.074101293343924457e-01
-3.493191400833580151e-01
-8.397246116245085101e-01
-2.026417436168729047e+00
-2.566930057554939637e+00
-8.787219124843916873e-01
-1.629383042141076432e+00
-2.210866635931718616e+00
-1.712259076022351723e+00
-2.219847706799856546e+00
-2.819802799805344873e-01
-2.233501629968267732e+00
-9.833203245100122780e-01
-1.591430335439256938e+00
-8.277017952035634618e-01
-1.477745621032616974e+00
-1.533562089090924729e+00
-2.137239273639221615e+00
-9.337952450452010611e-01
-1.844169293525846243e+00
-6.195663953690874193e-01
-2.010763366856972212e+00
-2.236987140006063246e+00
-1.914646323429477937e+00
1.242464100116939529e-01
-1.550618191352824971e-01
1.452545977758470663e-01
-3.010372453375216750e+00
-1.554219716819838393e+00
-2.363734691335658944e+00
-2.274956909241077074e+00
-4.827111626468094663e-01
-2.772476110543609984e+00
2.494843312625446563e-01
-1.370036288509603357e-02
-1.881045716732035578e+00
-2.820485633970693518e-01
-2.264980492993282191e+00
-2.259139390496949229e+00
-2.253677803697509585e+00
3.567647673550042309e-01
-2.256369645175557270e+00
-2.846766705315638024e+00
-7.545680380273007692e-01
-7.533423805934669204e-01
-1.512874766269868942e+00
-2.602466946025531414e+00
-2.635241262524969041e+00
-1.284414311905246242e+00
-2.833767721793806205e-01
-2.160115102892261607e+00
-1.521961818448474224e+00
-7.394788633246347498e-01
-8.876831878701219036e-01
-7.537430585401848626e-01
-1.556659804460666985e+00
