9.295159703586152178e-01 -1.739023133313696290e+00 2.866188953048547372e-01 -9.677239150061978101e-02 4.904433268959992875e-01 -7.166810571355639592e-01 7.234864094972118798e-01 1.422912767777555265e+00 -5.556741713579715913e-01 3.101003159014319999e-01
-3.405370901548855911e-01 7.660461176072177469e-01 -7.320431666399218607e-01 -8.482943543460456093e-01 -4.277583676615001052e-01 -8.885247909326293714e-01 5.243916093616844964e-01 -2.371572252839556083e-01 -6.879629239067287516e-01 -1.567171180852829360e-01
1.981242314814228231e-02 -6.798450649890270814e-01 -2.391487793407063023e-01 -6.882246507442835171e-01 -3.844066668683949195e-01 -3.878234641298811125e-02 5.913397622606929999e-02 4.431849100434662736e-01 1.295893482000593788e-01 -1.108967519100726440e-01
-7.790874280979479538e-01 1.225386644990555107e-01 1.535136091163666228e+00 6.788681487918521995e-01 -1.203016060188916159e+00 -5.609387494443001110e-01 -1.897220239723345584e-03 1.214221104413508445e-01 -1.141339231064350951e-01 1.399742040125880327e-01
6.362121011031501849e-01 5.971264265735449772e-01 4.679823021355410950e-01 2.241544969250144070e-01 -1.394688663742890133e+00 6.485582942824159591e-01 -8.337356185150496257e-02 7.581853869587250605e-01 -2.187227609670460426e-01 -8.059978917866419401e-01
4.709368432551844785e-01 -1.807026867016276572e+00 3.199441827953872775e-01 7.117098327171507421e-02 -6.654702516804166246e-01 -3.920232139320983245e-01 -4.791015591009136765e-01 4.185504654522685664e-02 1.223814577251527286e-01 -7.529430586044543183e-01
3.734225193837274470e-01 -2.086503852739416409e+00 -4.289697214486493104e-02 4.285101064270339100e-01 1.929466121038839882e-02 4.887490357231381588e-01 7.990629193735097058e-01 7.743272271547215757e-01 6.752163850755675822e-01 1.173295877281945593e-01
-1.025130042296521937e+00 -6.185640019579129456e-01 5.289978664418262810e-02 7.321493454673402290e-01 -8.437284963500013557e-01 1.493964073118186214e-02 2.317169015508960261e-01 2.408928957559800660e-02 -4.081639851105599570e-01 4.312802433244391498e-01
-6.015023850985638104e-02 -6.157585530525798712e-01 -9.684092691495971295e-01 -1.497688100603158101e-01 -2.516076462887445464e-01 -3.579243701469836392e-01 -5.511680314078252207e-01 1.135854729553122722e+00 -1.268896233242803540e+00 -5.594248652610744887e-01
8.514556637472561196e-01 -9.639752627513189509e-01 7.079096611995628896e-01 2.226869335850236165e-01 8.646296374983619693e-01 -1.096661335322193676e+00 3.728087262692562076e-01 -1.147262946253776866e-01 -1.497483993287196391e-01 2.232932287096333068e-01
1.201105178676832974e+00 6.862432816532417768e-01 4.481527356125387107e-01 6.330048743617114337e-02 1.151824982065970060e+00 -7.488018932872445577e-01 -5.483625512439545269e-02 2.970122891022833680e-02 -3.450768858462578415e-01 1.661879583426697365e-02
-9.322534305602918625e-01 1.974354416231353104e-01 8.055436878984365556e-01 -6.114087552491849209e-01 1.704001149642656310e-01 -7.742548461237039326e-02 -4.439794288128097177e-01 -3.239139024103633302e-01 -7.354588753579014426e-01 -5.439650955845567459e-01
2.597259175131292341e-01 -3.473424782471582706e+00 2.399789800459943279e-01 2.517548207309655006e-01 4.031363922485463047e-01 4.854094192352536585e-01 6.540032850946742027e-02 1.042882956415489143e-01 2.199637761060431740e-01 3.532536082871773897e-01
7.593226823859122732e-01 -5.167526383722375050e-01 1.008882858003608440e+00 -2.865330907531452725e-02 -2.614109400609720968e-01 9.779201100734749574e-02 -2.971066637232765983e-01 1.466797066205911770e+00 3.352471524406472891e-01 -5.676981915566173820e-01
1.211518004831263262e+00 -5.597842896014497693e-01 9.475490374145806305e-01 1.949721232306837471e-01 7.669174771178866035e-01 -4.294418273517201790e-02 -3.110035260856385264e+00 9.326263532786948085e-01 -3.106623537497658072e-01 3.656453004335641910e-01
8.887056646504977453e-02 -1.790817663332817000e+00 4.109090105971887064e-01 4.101868624671893282e-01 2.552861872836231782e-01 6.503991990081823271e-01 3.686969563976901787e-01 2.927904970647977195e-02 6.101348760950492389e-01 6.666818906844135251e-02
-8.209991152916499280e-01 -2.622642706157242820e+00 -3.554727310674115626e-01 2.913996212514765038e-01 9.789582799647780775e-02 8.853179454564003015e-02 8.840806768217965850e-01 1.200443157502536273e+00 5.045964456957854338e-01 2.461046780997921679e-01
8.100339881440058454e-01 -6.844643717945444461e-01 -2.300956301283689498e-02 4.262181160582901307e-01 5.991140400241169450e-01 -1.662452461225571998e-01 7.348475204948654582e-01 3.108067428641761998e-01 1.528631520707093572e-01 6.272050655783607542e-01
4.200760398130512496e-01 -1.045080562050857642e+00 6.853938188344659288e-01 3.392522767486048085e-01 -2.356209104578352864e-01 2.449099600732472515e-01 -7.560257711657759616e-01 3.331128628489992693e-01 6.762031549376401607e-01 7.205344389167577246e-01
-4.666800424779937728e-01 -9.179478648970441634e-01 4.789449681797685598e-01 1.052627863774945327e-01 -2.702285299378932026e-01 -3.041841278522938175e-01 8.521112266371405619e-01 2.671285732452997608e-01 -6.042575485860787049e-02 -4.872944240175536290e-01
-8.096218925653883014e-01 7.388061878768215074e-01 6.863509467022146371e-01 1.354511715131772043e+00 2.226567504719822455e-01 3.394242759613064764e-01 -1.092466547323583725e+00 1.132022474583152860e+00 6.663847377245651904e-01 9.952886783324609021e-02
9.645441959405576249e-02 -2.376638308673597155e+00 9.721304657432188190e-01 4.936496329215398493e-01 8.371555049597297904e-01 4.440983579093308875e-01 -5.918664110634034303e-01 1.338013731555060815e-01 3.398390910042373148e-01 9.100328031575143362e-01
7.338474327580247758e-01 -1.738777596730644248e+00 9.734385300969629062e-01 4.256048753132065099e-01 2.502796266963183136e-01 -3.179712385304812872e-02 -8.126764341077287457e-02 1.024406739587035542e+00 7.445646764484936675e-01 7.047988258617891022e-01
-1.368353203840591004e+00 4.610086194325790365e-01 -5.278358068480490939e-01 5.695147559806490456e-01 -1.719136580197746234e-01 -5.541231368067039975e-01 -3.766283364621886842e-01 4.821690889213336995e-01 -5.713374921972074194e-01 5.091408102032580762e-01
6.260732412866647500e-01 -4.578320685864435413e-01 2.602758230804327333e-01 -1.347423166074930012e-01 -9.639547715162868347e-01 1.057514814987526863e-01 3.637703016625012942e-01 -6.529089009282367240e-01 -2.323623702719681550e-01 -1.254538457534938589e-01
-9.461386271056699826e-01 -2.865402309665727731e-01 1.421645845023020716e+00 6.341500144419350837e-01 1.232562224924496769e-01 5.999793791228805739e-01 1.478074937358475394e+00 7.044824067215708085e-01 3.498807730320854792e-01 -7.055379449369849620e-01
6.962204848991279116e-01 -2.500261606824411675e+00 -6.494392603093927796e-02 4.203376763189307086e-01 6.825670928612647126e-01 2.395139024850266030e-01 9.276832643077874696e-01 1.099796740800066175e+00 1.331334161960513740e-01 5.423622324426913277e-01
-6.167104885549090643e-01 -1.086633879720034557e+00 -1.672643205936919508e-01 3.683122550458984290e-01 2.970684354272228739e-02 8.529118127224067925e-01 8.640427299831875407e-01 1.117527562845600064e+00 -1.819297851527916510e-01 7.258240327916346546e-01
-4.685770034409243445e-01 6.550625376573867564e-01 -3.294413723584932452e-01 -7.298410131864732087e-01 -1.192560027689715425e-02 -7.581536702740822031e-01 -1.578383321690916219e+00 1.874979987354053468e-01 8.043854508321307550e-01 7.671522352551370938e-01
7.900254285366770102e-01 6.815980170255612203e-01 -9.511880439805326937e-01 3.822636481061144620e-01 -8.836200634794935116e-01 4.044031737574007579e-01 -8.740474273601837873e-02 6.484250721009962026e-01 1.636655334785143967e-01 8.117648916913771107e-01
-2.357586921071251895e-01 -2.359355093160579120e+00 3.430652264012511443e-01 -2.962360320931312074e-01 2.804117576916055898e-01 5.459800691098286585e-01 -3.664456208435094009e-01 4.688454019729009770e-01 3.073222312760134356e-01 8.497696531675656972e-01
2.066586220294777121e-01 -3.483604814920095993e+00 5.668174662463593139e-01 -3.950537687828690192e-01 4.654762961059862314e-01 -1.692760954489370140e-01 -4.391551041276453016e-01 5.154338399071083376e-01 1.091630943122532810e-01 5.074017172793677810e-01
-1.519492974122448048e-01 -1.332498979782587911e+00 5.557681977661852457e-01 -7.897440965092367149e-02 1.666541321928724229e-01 3.773458188422051940e-01 8.089567105573023387e-01 4.573997920013811447e-01 -3.541259493301546213e-01 1.507394615346286937e-01
7.689289459786172731e-01 1.350541483817002675e+00 -9.653879303227784758e-01 5.657564234727779917e-02 -4.318705832535796318e-01 6.410972550842967133e-01 1.458932981671224316e-01 -2.287346882087404609e-01 -4.503887503478414267e-01 1.469229847253450058e-02
7.888674979576323354e-01 -8.191746676221034473e-01 7.102988186419336714e-01 9.826655794505740893e-01 6.196228467747522117e-01 -3.089180841245588449e-01 -6.234548924188548780e-01 3.671685421370654012e-01 4.517241104567804588e-01 4.451186052205466370e-01
-1.007071301849819411e+00 -1.599659308703829386e-01 -6.584181270264766184e-02 3.068981300715822869e-01 -9.068579767500054012e-02 1.010899703380243153e+00 -8.408402071783843690e-02 -3.621236874608788625e-01 -2.337923738632163018e-01 -6.418214492285134742e-02
-7.997407990129742350e-01 -2.276598304293188324e+00 3.327815480767148254e-02 7.134591216875410535e-02 5.041554253762651205e-01 -4.715538619028251111e-01 1.329610795594387884e+00 3.258843318981343162e-01 -2.712497941272517393e-02 7.237778194512896057e-01
4.646802918084569356e-01 -8.411816867251304952e-01 6.004153538277178237e-01 4.660345746885233287e-01 3.157574983375180944e-01 -6.611554737563302142e-02 6.509288854849173411e-01 2.088937406815549180e-01 5.244395393839080821e-01 2.979549753562145686e-01
-8.320107310298567871e-01 2.198030064202351197e-01 4.350054335424086149e-01 7.377487654789891547e-01 -1.502182321570741108e-01 -1.230635315697985677e+00 -6.352412839070257222e-01 1.875129487388029759e-01 -8.735256843028622598e-01 1.416975364096445256e-01
1.111777499305207639e+00 -1.395006320253636245e+00 9.157712510876687695e-01 4.370802329063526726e-01 1.721445306392698216e+00 3.118075303905711304e-01 -7.782377498038299535e-02 6.164622776975744456e-01 -4.539755429518371743e-02 1.367238552862699852e-01
2.084655225753015428e-01 -4.572517504565432045e-02 -1.971028038073316391e-01 -2.634803388316890871e-01 2.545491319547184550e-01 -2.506859232575977536e-01 -3.982614669664994445e-01 -3.060214004538612254e-01 -3.402192400837386610e-01 -9.636030142692367795e-01
-8.961071490405659867e-01 -2.416136854914169962e+00 5.020642932585870355e-01 -2.516474154930130602e-01 -3.157501691640273167e-01 -3.509022510935286832e-01 5.325571585413453324e-01 -2.310527653075329646e-01 -7.195660175536465475e-02 -7.072805910407652108e-02
-7.736625414217832564e-01 -2.869392741810206982e+00 -6.222632373590177846e-01 -9.354874070041384326e-02 -5.081463602580343908e-01 1.175032941646167624e-02 9.228816007752177475e-01 -1.345493581055213994e+00 -3.025958170650320245e-01 -4.489845585482956092e-01
-5.239193965775250650e-01 6.574037548273342635e-02 3.694201963862986937e-01 5.162196955737567011e-02 -1.535714282998645597e-01 5.793986305812820481e-01 3.422646304977816079e-01 9.624964132044074860e-01 -1.200560210658087601e-01 1.278121313005449178e-01
1.060157534834210991e-01 2.715056469494405919e-02 2.124910682994838595e-01 -9.677987248046815427e-02 -2.660604510134109701e-01 5.174374536432314875e-02 -6.950906940874206352e-01 -1.028600743350097213e+00 -4.765164714985216099e-01 -3.021866675084883824e-01
6.980899841744402368e-01 5.845943265509371267e-01 -1.817923804554515688e-01 -3.141583136619969796e-01 1.729511607764863401e-01 -6.594351541606559008e-01 -4.529975323419192512e-01 -7.217407446719029673e-01 -1.410438787112463066e+00 -3.660779284879432383e-01
3.873699690924110040e-01 1.075426610242304626e-01 -4.761643687626832683e-02 2.575525429116547471e-01 -5.478609049308213325e-02 -7.427562017097785185e-01 4.718922797562047355e-01 -1.384231639967189453e-01 3.455432982164554079e-01 7.054604978086256306e-01
-1.396928310265877604e+00 -1.342165022528178930e+00 -8.280190853087607827e-01 -9.019583625429700158e-01 -5.237139778713041371e-01 -1.422343458861879961e+00 1.436649200502857285e-02 -2.210504005656163395e-01 -8.770989812771995409e-01 -1.289476263475239914e+00
4.157524387168052282e-01 -1.513854934691403642e+00 3.274100621395703396e-03 6.603456158884737914e-02 4.141061263835613127e-01 2.791483786874427442e-01 -4.526386039985890591e-02 1.175053449055101784e-01 2.144850449294287420e-01 7.899985131713905817e-01
1.024389657848840063e+00 -1.199906512534308023e+00 1.174813692187628877e+00 1.188565357781528720e+00 9.074141832736627444e-01 1.395927335794839630e+00 -5.060055492112305320e-01 6.723342113662624797e-01 1.201981511615533904e+00 4.664047536027682295e-01
-2.634200367804481746e-01 -2.215662639793670508e+00 -1.821889491777736181e-01 -8.618213259429502449e-01 7.329591580255868655e-01 7.099384603624779855e-01 1.152975810645771038e+00 1.025762835754973290e+00 5.476568178224694439e-01 7.386761444845687530e-01
-5.321110558389335887e-02 -3.489350652258143559e-01 2.838259081413348484e-01 2.616944491617916313e-01 -4.550621442251874260e-01 2.031967348698979214e-01 6.688305949885686025e-03 -7.055908302120710296e-01 4.262700180657141291e-01 -4.551743429330384338e-01
-7.682936761643333057e-01 -6.612391638179350162e-01 1.831814350163842864e-01 1.775951381126767981e-01 -2.539821525519573298e-01 -1.602217649060317273e+00 9.724562136213305008e-01 5.137696957059046943e-01 -8.508329311547538354e-02 1.022325588300118382e-01
4.236808052944586733e-01 -2.990114478077360305e-01 8.967133960085527100e-02 -1.703283377499063556e-01 -7.177635955082006802e-01 1.701514199580335118e-01 -1.243115085866148162e+00 -5.433940902958688673e-02 1.819680552107956484e-01 2.321573747718876368e-01
-6.778043812106426813e-01 2.006166008962989855e-01 -6.510534733987064504e-01 9.499851358826226777e-01 -3.801787118824390688e-01 -4.832971390083103114e-02 -4.932953053903866847e-01 -9.886460362508998623e-01 -7.735467950207830512e-02 -3.238779670399137278e-01
-7.619869680892821240e-02 -1.364783842146081394e+00 1.945501303589112774e-01 -2.736541727043335093e-01 1.017676378075544480e-01 -2.672450083237988827e-01 4.960595543021066867e-01 -2.422665423616849889e-01 -4.167669775188855841e-01 1.253153969744882079e-01
-9.762908683847550950e-01 1.215777635825519898e+00 5.733838247241233033e-01 2.038330184347237062e-01 8.330948586364793629e-01 3.746689557776187174e-01 6.444231369238031526e-01 -5.185806061722646465e-01 -1.753148570898941938e-01 -4.044547155001333438e-01
-4.916492112369693634e-01 -4.408945031524176827e-01 3.985812679168425077e-01 -2.861104420404164128e-01 -3.842871164355246005e-01 -2.224892981633339317e-01 -5.567449506190935704e-01 -4.917550740749587757e-01 3.811990547027865328e-01 -2.663263102477254618e-01
-2.015561256821742642e-01 -1.955884048744135129e+00 -1.884558978899427972e-01 9.605124098738872240e-02 5.937298008707978525e-01 -1.572187991148129571e-01 -2.781763970475669145e-01 -7.565982082481118587e-01 -2.461962047692053679e-01 -5.409397186191171603e-01
-2.336721162580964184e-01 -2.321920904759562809e+00 -3.773269488658221871e-01 -2.158961457521988148e-01 -4.595685298556942966e-01 1.525124750658787554e-01 -1.132972400393725154e+00 7.385598768839324313e-01 -1.549623889169471358e+00 -2.729729543838328998e-01
-2.018739328616393769e-01 -2.261349626433254212e+00 -6.952184297061090312e-01 -6.044483784545695571e-01 -7.384441673174365617e-01 -3.514407049618634149e-01 -1.708229931091886922e-02 -2.238459726806616701e-01 -4.684870280691844080e-01 -2.985854841565169782e-01
2.630363821029318983e-01 4.720858733179028599e-01 -5.336347638996675746e-01 -8.940043825316378312e-01 -3.702884173376552734e-01 -5.385136810626670600e-01 -2.403373186474448142e-01 -2.737298377470244112e-02 -3.171224213219668853e-01 8.510221566231007673e-02
-9.143812222962061087e-02 -4.372260196557551382e-01 1.661150980040811409e-01 2.518202324909260548e-01 -1.195639707717088829e-01 1.922849945080595813e-02 -1.775858386206373152e-01 5.461319291148721833e-01 2.859857615895579630e-01 5.139535026836598020e-01
2.842790505759889008e-01 -4.561714494825461208e-01 7.524215566738418071e-01 4.386491465500103604e-01 3.983617543584510035e-01 -3.255101050068805457e-01 2.513489658975602836e-01 -1.407601030852196011e+00 -5.356235720707740455e-01 -5.422561397135551298e-01
2.427387749999443400e-01 -2.055936600793797364e+00 1.430757515807357105e-01 1.014919244703755691e-01 9.188598098406910442e-01 -5.872867400262769821e-02 -9.192959711364315223e-02 2.620730512929624889e-01 3.301488254227644692e-01 -2.510435529225626405e-01
1.314344873147890391e+00 3.015520744435762346e-01 2.119529351282492535e-01 -4.473045138549798239e-01 -8.682374516027721034e-01 7.767840657805115123e-01 -8.961388696136258769e-01 5.450331193509570793e-02 1.291608840301424477e-01 2.343463480610890881e-01
8.636154603361391180e-01 1.323587186107821057e-01 -1.473598879977646055e-02 -6.006550530408880650e-01 6.809362972635485400e-01 4.438343307922043013e-01 3.491201192942676723e-01 5.143872005184373791e-02 -3.625188867454179342e-02 1.330263124098157168e-01
-2.951865334152580234e-01 -1.800657926465084879e-01 3.870372258624896755e-01 -7.987906262864362672e-01 -2.161787930234914668e-01 -2.854321200837805494e-01 -3.618028204312986329e-01 -3.060732725854325986e-01 3.022018744254748590e-01 4.563833276352816659e-01
1.233719201684407185e+00 -8.035423642076217066e-02 8.408998408516207279e-01 5.808294328531287132e-01 -4.266345361640441203e-01 -6.026758486438004159e-01 -4.920291554064722961e-01 2.458294407743329968e-01 -1.270334805800216849e+00 1.392874329758881036e+00
1.109963138017853179e+00 -1.698678204601239417e+00 8.275970154813853119e-01 -1.636918443222016850e-01 -3.724820072560824924e-01 1.041059251735557245e+00 -4.511241814228558744e-01 5.933898019894701115e-01 -8.435501224041128121e-02 7.239332373821528721e-01
-6.620234850471369559e-02 1.158410613644552667e+00 6.991088696219784904e-01 7.607971375221251886e-01 3.487065786640810572e-01 3.785675874777603145e-01 9.780244404501950983e-01 1.097476619736221376e-02 1.649522380214786810e-01 8.173667571811937815e-01
-1.111513458290615264e-01 -1.357863397410815909e-01 -7.030571070501152875e-02 7.080090591746127648e-01 -4.669447033905365640e-01 5.169275620352267037e-02 -7.419526563716295486e-01 -6.861614188272727732e-01 -9.772460920627865644e-01 -7.810057620138972645e-01
6.275092455267892999e-02 6.397089559249806087e-03 -4.800312774019602213e-01 3.527505694106492506e-01 -9.003756457500244892e-01 2.177036542971073907e-01 -2.145297734854846095e+00 -4.369275239157738300e-01 -4.646141986017779946e-01 2.561606439543907543e-01
-7.009826813697707104e-01 -7.880393939330991859e-01 -8.860604612446136841e-01 -5.880546967143704951e-01 -1.018227645544254531e-02 2.898776307163991039e-01 -2.039603301147118464e-01 -1.067911519113232455e+00 -7.544399368226838432e-01 -6.389911175591065362e-01
-6.063600415839371927e-01 -1.090758108007030103e+00 2.133934588170660618e-01 2.758913528313985397e-01 8.198993248037311776e-01 -3.771129659461003314e-01 5.805055548124400389e-01 -1.217664781704701771e-01 6.153747011535513900e-02 -3.074135353254465741e-01
1.268749061120029442e-01 -3.346279657054514467e-01 7.883779784048781103e-01 3.871259135771784599e-01 -9.042026374355522922e-01 4.657569874228013884e-02 -4.021898809724011592e-01 4.652242815449237345e-01 -4.594762084026973725e-02 -5.851900058030671259e-01
3.550113964153313040e-01 -2.142368121268559467e+00 -2.742090552043434659e-01 -2.027858253696777913e-01 -1.969210808946637858e-01 -4.940620354990424845e-01 -3.300657112078498878e-01 1.071865856177196680e-01 3.263027121696806532e-01 -1.871684711816289787e-02
-7.803435854220633905e-01 -6.760356866126200348e-01 5.624146437415672439e-01 -1.653289296269334907e-01 -7.778326820728285185e-01 -5.462142486692368459e-01 -6.867762542439838080e-01 -1.163726581922344572e+00 -1.659597266766626306e-02 -9.239015925695114317e-01
2.479795491608531854e-01 -2.614593954461048586e-01 3.966537322844377877e-01 1.498815462431094536e+00 2.972555335508023644e-01 9.604270024199468292e-01 1.718217863523184619e+00 8.109543051797867275e-01 -6.685914321124164852e-03 -1.519645090244519769e+00
6.256368201709738841e-01 -1.321110393046593501e+00 1.198554541064199286e-01 -1.217862958279724434e-02 2.505804705842776259e-01 2.304891644377393689e-01 -1.804789668715552908e-01 6.379123456610458209e-02 5.270059109878442172e-01 8.320637901900476141e-01
4.836049164062995454e-01 -1.032163408478859568e+00 -4.652062401922128498e-01 -2.697018073491027068e-01 5.709755315501265915e-01 -3.136128172721637797e-01 -1.772594027981728715e-01 -3.492829301878686010e-01 2.273278276567788636e-01 9.835278344630260516e-02
1.383180119457677326e-01 1.084951602021774431e+00 -1.594637567666122580e-01 -5.628945258006868846e-01 1.672439451247727249e-01 -6.019778910868304189e-01 -5.929540700256789032e-01 4.346219433929274234e-01 -9.457859472951898328e-01 -1.210553787163136386e-01
2.605194293715278331e-01 1.910729866510911146e+00 1.346189577425176642e+00 -3.070668438575733725e-02 3.939056907550487208e-01 1.268336736093744310e+00 4.399449321313031458e-01 3.692176430649599106e-01 1.014558425966717081e+00 6.241794057385589012e-01
-2.511337489961477099e-01 -2.908438877641077891e+00 3.526350394622045359e-01 -1.271122065434487636e-01 9.947316047010383577e-02 3.671825697949471223e-01 9.600703407592398042e-02 8.125896957172665802e-01 8.951190852692987587e-02 1.493674276564737335e-01
-1.757161613027272973e-01 5.296675534660307827e-01 -4.889907708489810712e-01 -8.596009116928512994e-02 -5.181863684204839338e-01 8.931777163523439700e-04 5.087268676758047725e-01 -1.241583058055719446e+00 6.299260749997859232e-01 -6.596018727094318246e-01
6.456472538261004424e-02 1.746291247457843754e-01 6.629686180685038233e-01 1.229618072559276021e+00 -2.330431508545516284e-01 6.977068109155314390e-01 -4.210494781935429365e-01 -5.213592618986578886e-02 -5.294730330433732729e-02 -1.698794678052949758e-01
-1.125337249828688851e-01 -2.381672118649460046e+00 5.404023430918646342e-01 -2.213480656874128871e-01 -1.742955805349031273e-01 -2.944564480950390140e-01 -4.579642830774152684e-01 7.364688035134857313e-02 1.057367697096616571e-01 -4.696468658005399643e-02
-5.050775322311653603e-01 -5.581311187424757847e-01 -4.033964392229075213e-01 -1.635755870649944654e+00 1.488961971498197479e-01 4.860171115054077173e-01 -6.982248084553199785e-01 -1.007042992659791247e+00 -4.580237901860155780e-01 -5.727973725972231867e-01
4.194607154181779762e-01 -2.006223213346839396e-01 -2.864216663627920934e-01 1.573381279056177556e-02 -1.793350172566217926e-01 -4.530742880334480693e-01 -1.273654613667577040e+00 -1.183470670024097116e+00 -1.949819817031720193e-01 -5.506004623272829912e-01
3.817802315883372377e-01 5.172310852813593041e-01 3.029685586591353008e-01 9.618684753096123918e-01 1.693014184232021768e-01 -7.846630328728314563e-01 -7.024726663299833973e-01 1.192442494712449008e+00 3.061842465700420068e-01 7.321077876090567038e-01
-5.206691361281099439e-01 -2.375993130289108246e-01 1.026021654316966458e-01 -8.922051668311643813e-02 1.333236598801532391e-01 5.251465731777366086e-01 -2.953140977670348777e-01 3.750223045900188956e-02 2.618725229258163645e-01 3.239595356268313298e-01
7.360505343254254429e-01 4.557468830556584138e-01 1.124505375450943534e+00 4.162335514361939492e-01 9.263471655597695920e-01 5.937318427295636969e-01 3.846557103663674204e-01 3.655612515197994572e-01 -1.811409699560707631e+00 3.481330502654360337e-02
-4.940808017523849460e-01 8.957355266231373236e-02 3.588880193858628442e-01 -1.145841939116175823e+00 6.520311112673532472e-02 -7.515265761465601546e-01 -5.519069360016024550e-01 -2.226597439343285245e+00 -6.352341350673923470e-01 -7.294872629427289201e-01
-1.415469584733755948e+00 -7.784476984140659139e-01 9.249890212217840579e-01 3.604069379348519980e-02 -4.768569655251816419e-01 2.755910700825369153e-01 5.682708353021469483e-01 4.377487486635787267e-02 1.021899523599184567e+00 1.415529027876696877e-01
-5.674540919553642260e-01 -7.107123677599440636e-01 -3.777497608317486044e-01 -5.821723011319936969e-01 -4.368895574300115658e-01 -4.537134948406651436e-01 -6.227021613386960475e-01 -9.122431782698888769e-01 -1.246865708242477000e+00 -1.415755575455725224e-01
-2.372379854706934410e-01 -2.011827027633364406e-01 7.197604329220676223e-02 -2.121549804175537624e-01 -2.297363445928548020e-01 -6.615019116121849674e-01 -1.409591681404445407e-01 -6.468968795285617857e-01 -4.013347883357601398e-01 -7.504124550402511140e-01
-3.921226975463832365e-01 -3.163336367802736415e+00 -2.037945656419671292e-01 -4.171013607624075858e-02 -2.494883441779196520e-01 -9.586237282193880160e-01 -1.830557278064956495e-01 1.067520272432827128e-01 1.969321763707742312e-01 3.209685862862732830e-01
1.023586541875942224e+00 -1.007561431401071961e-01 1.222056356292951618e+00 1.032918234569217608e+00 -1.510369237415256416e+00 1.031939500040881086e+00 -3.380627234008924953e-01 1.555856138542475620e+00 7.898258774527977533e-01 7.376052298530214602e-01
8.583539124561881950e-01 9.116805838124895089e-01 4.748029561397854592e-01 -2.488378021847438837e-01 5.076100560252937433e-01 9.448240535203661361e-01 9.042014377210134957e-02 1.981099428326012490e-01 3.084286470058115182e-01 -3.954806455751910810e-01
-4.170801489594845868e-01 -1.993295380416894469e+00 -3.780733017073372726e-01 -6.746071472214333342e-01 -2.222429687369501805e-01 -2.413513257845831539e-01 -7.405636664021726656e-03 -5.349439393986952229e-01 -1.708227159890269853e+00 -2.853989420414618228e-01
8.624387511196840439e-01 -2.512155325867970745e-01 5.719453624108857825e-01 -5.057354613868032533e-01 6.919030874025362543e-01 1.733524301787403021e-01 -1.599799611227492591e-01 -3.881960372069131332e-02 -2.812668593901285208e-01 7.499016164854129807e-01
6.577768144954196927e-01 -7.363115179685834066e-01 -2.096009940341501399e-01 -3.867009200266106617e-01 2.036450131367952276e-01 -5.869556299371663233e-01 2.123142614863512134e-01 2.016553559899007253e-01 7.296359891954766475e-02 -3.603472893554699463e-01
-1.855993941504444356e-01 1.205816587165642190e-01 -2.469596020785670143e-01 2.768775728703619654e-01 1.401011119858964482e-01 7.666878782361586930e-01 -6.273657129790014553e-01 -3.403004833531623752e-01 1.423545160570307111e+00 -2.235237686045177946e-02
-2.189699626308396624e-02 -3.143995695221154296e+00 6.285077349804872870e-01 4.995069262933248821e-01 6.665320728660127647e-04 3.688453061762279050e-01 6.285470243427196402e-02 -3.011906865164451497e-01 2.951066951107577108e-01 -3.242441732588922654e-01
-1.950759016900819320e-01 -3.077615718141673562e-01 -6.778039172421392866e-01 -1.256968541586429844e-01 8.724051490695889921e-01 9.468275077941860074e-01 5.723112144418192049e-01 8.342311289228646620e-01 -5.459037136429514270e-01 4.631807798565366063e-01
-7.806422060114166506e-01 -1.896367791928637248e+00 -4.860191344965557325e-02 8.663354570611931926e-01 -6.815830177078105456e-02 8.554601993353160294e-01 8.414237248755193077e-01 7.820609338553025092e-02 7.409615617336320348e-01 4.051629563456053407e-01
2.322580065372774338e-01 3.712771579780351217e-01 -1.961291809669410413e-01 -1.742328166212478768e+00 -9.450331629969367375e-01 3.515421633531495837e-01 -2.007264695186991299e-01 2.720934478357325825e-01 4.039826211529463085e-01 -4.811656345038276550e-01
2.036290822036095072e-01 8.486484862241332194e-02 6.266008151397250980e-01 1.176323327031199906e+00 5.113258160307090350e-01 -1.090658112149352349e-01 5.440904701026801904e-01 5.785847002623732971e-01 4.588643762355553574e-02 3.308447386458876482e-01
-1.097335208225632019e+00 -3.249535460951838428e-01 -1.112807803322697797e+00 4.151829638258851540e-01 1.184174980997400872e-01 -1.324460910454164919e-01 -4.860298719432583070e-01 -3.925536231694558009e-01 -5.969309847498830424e-01 1.431673477594880006e-01
-2.046595556117826731e-01 -2.199538996496795296e+00 4.633244868161803809e-02 7.576499871610409276e-02 4.158138706512424787e-01 -1.734034795512892635e-01 -2.081415282963672009e-01 5.602099874800049450e-01 2.828719199711179563e-02 3.220496685020568517e-01
4.863632363688606408e-01 -7.287191011968555676e-01 5.675153122519903670e-01 5.878069631200352196e-01 -4.437900785246522983e-01 -3.484109669691087263e-01 -1.150514318788497636e+00 1.284261259280845779e+00 3.960302127162388941e-01 1.190882791073215458e-01
8.982251429444185753e-01 5.468893347287947515e-01 -3.180225324725453606e-01 -6.903236142596651248e-02 -2.996455623947830715e-01 1.535193112921268144e-01 4.620204080508506506e-01 -7.023701426113190260e-01 -2.403548330011983369e-01 3.290413984638121958e-01
-1.271233827742485722e+00 7.229454389752649757e-01 1.099373675804621975e+00 3.554660311227230141e-01 3.479486193521562076e-01 1.085445238120339301e-01 -1.113594927381434063e+00 3.038091719032660620e-01 -5.562240926295575205e-01 -7.533668357129287563e-02
1.570141865698933825e-01 -1.669300769909017601e-01 -5.623671725781570485e-01 -2.315961477800726198e-01 -3.103747444784411003e-01 2.194659367126189364e-02 9.538577532288317062e-01 1.059075773915452157e+00 -1.324184146666900208e-01 -6.382603560633355322e-01
-3.693377944947897062e-01 -3.702514130694075090e-01 1.023618139386543113e+00 -6.022590800511484765e-01 -1.409578984874723939e-01 -8.469187372452452456e-01 -1.077262062775238560e-01 4.893663854491037690e-01 -2.818717734907648653e-01 -6.009603923859966473e-02
1.443150436818914750e+00 9.548847791702744781e-01 1.154844894160302754e-01 5.047951230905616260e-01 -5.995383275044657845e-02 7.653175972340566791e-01 3.683336343735259255e-02 9.556342991323547587e-01 -2.289623996362307179e-01 9.091876219419613436e-01
2.393679871754743615e-01 9.952145087177771687e-01 -4.437845104691936493e-01 2.046602848296146526e-01 1.658721745378099577e+00 6.375581632328000126e-01 -3.030276955819191653e-01 4.476792688129012654e-01 -5.342660474709427509e-01 5.464658114268088340e-01
4.095268047260797184e-01 -2.475814255399973352e+00 -3.720917081174855423e-01 -4.772164910378990932e-01 9.010148685676598601e-02 -7.883641989480362211e-01 -1.198129839468011548e+00 -4.029818470623758864e-01 -5.201269464098727813e-01 -1.342274330352379585e-01
2.731698725514304926e-01 2.539633978519593716e-01 -2.645962597681256190e-01 -2.827310135362648968e-01 -3.166531383418125789e-01 -1.018560041559300466e-01 1.308688707551404484e-01 6.569784523102749005e-03 -1.663362485055747131e-01 -6.574187722496610542e-02
1.160963164613234344e+00 5.660779956347282704e-01 -1.010438871371705849e+00 -4.808919042407876487e-01 -9.881864513490418167e-01 1.638542728973444995e-01 5.485667608414116492e-01 9.185806134722717120e-01 -3.876475779771930141e-01 -1.167291323217081844e+00
6.483233240584223012e-01 1.061035176540726654e+00 1.881917777833571059e-01 -6.094433701932122638e-02 5.202415543661860209e-01 3.443033635054782993e-01 4.666697434144781442e-01 4.191836683307079703e-01 -2.126094216656882474e-01 4.041188748119137197e-02
6.549139396640407673e-02 -1.557885400211921345e+00 -2.955225717046626455e-02 -5.779295215549094811e-02 1.566980846297591490e-01 3.122569739471783845e-01 1.757636616356218762e-01 -8.054394279838663628e-01 -4.993076305615932187e-01 1.022645837130907870e-01
-5.583589675347767206e-02 -1.109121629102266082e+00 -2.147712482234307163e-01 -1.027203779653971916e+00 -1.838428161617096657e-01 -1.175129738994018069e+00 -9.268146998933384229e-01 -5.676069958899029322e-01 -8.997124021540151562e-01 -5.507343670703251926e-01
-3.290697656409912741e-01 -4.588644951932285276e-01 -1.528960586069738892e-01 -2.844827829660810936e-01 -4.000893369189220672e-01 5.220524572303576472e-01 -2.222975879365652330e-01 -6.210075726061449197e-01 -3.812075144543998761e-01 4.670880967470223410e-01
3.591690502816189401e-01 -8.774868721618092615e-02 5.853284005604537654e-01 9.468716294149742696e-02 -2.328797817326539454e-01 -1.464164657973068551e-01 2.514429769498616185e-01 -4.484614241489435771e-01 -4.890210781937303075e-01 -1.260918699244832353e-01
1.132094091161016391e-01 5.941740228560226100e-01 2.568576370723277824e-01 1.031241995247670351e+00 3.682246767748971195e-01 3.253404074641043087e-01 6.107753268729805285e-01 1.115269061328839184e+00 1.519730337462833758e-01 3.687979305580685874e-01
3.120147656836933514e-01 4.762941363445516996e-01 1.164192223398252901e+00 4.082601068547370149e-02 2.807542712376652205e-01 1.029237836266583273e-01 4.644876951532443954e-01 -5.089984793789001927e-01 -1.311021927024242695e+00 -3.774969684692715544e-01
4.618156463797975508e-01 -2.949829003354920709e-01 2.298198338908418459e-01 2.560184065493095393e-02 4.518552728203335533e-01 6.925542853282308231e-01 -2.599228721235141704e-02 -1.253093134779263762e+00 8.227675991807321676e-01 5.254578512871406204e-01
-8.153886703796961455e-02 -3.352698935425768578e-02 -2.549337361628322141e-01 -5.338186382634826366e-01 -9.838472942808937360e-02 3.905265154988800114e-01 -8.415672596956477736e-02 -5.953074624760219535e-01 -3.656810229073185758e-01 2.305750395361760852e-01
-1.571189011008391201e-01 1.027843991358124709e-01 -2.260327302511082048e-01 3.890651686639666762e-01 -3.577836477753327249e-01 1.736539412701821883e-01 -5.473314710020628082e-01 -4.757300686090630837e-01 -6.074946243829782988e-01 1.401694711204307386e-01
-1.234854637366128882e+00 -5.229749798563564367e-01 9.456286324240618102e-01 1.207109379236516844e+00 -3.524053239135951365e-01 1.580357872807101882e-01 -9.219136478578215943e-02 1.093744000710303865e-01 9.479673053461054044e-01 5.468136702984160991e-01
-9.700552601552381304e-01 1.727852603153220423e-01 1.331598542309474054e+00 5.797878937207615602e-01 3.681332276496429023e-01 2.644594897624448215e-01 8.258914197437295934e-01 2.764717725630020384e-01 -6.345380243653804542e-02 6.794107773553819118e-01
9.506785213806687729e-01 -1.314006579629485305e+00 1.119398993117737495e+00 7.859875604744626099e-01 1.169905439056167618e+00 9.961299711638088583e-01 5.766278817491966580e-01 1.344040555536478720e+00 1.338654108345322724e+00 1.207125175672720374e+00
-1.781716595783412682e+00 8.321140899929839740e-01 1.105225909687913122e+00 9.219025308377369887e-01 -3.419681143007718416e-01 9.705876293955317813e-01 2.333755613434901344e-01 -4.066137964545355615e-02 2.198315161401393492e-01 -8.004274590274689238e-01
8.424258760789744838e-02 -1.068382907497097190e+00 2.475250762546722105e-01 8.002253176763413078e-01 -9.368030572669654166e-02 -4.846721851584977897e-02 7.860167086686019600e-01 1.080954388487233242e+00 -2.612747960447018847e-01 3.908648111848413986e-01
-2.104091659813574489e-01 -2.600090786658665332e-01 8.325093693363238012e-01 5.793106137730466010e-01 -2.377549507613849478e-01 7.208153297636691326e-01 1.128372318142665254e+00 1.062729627214244577e+00 -3.773053546603145070e-01 3.277432289088005879e-02
-1.388097544730215183e-01 -1.271148516867252942e+00 -5.857674803771275585e-01 -6.097054178309481154e-01 -2.461660516658273068e-01 -1.107578583090581131e-01 -8.732821383589105535e-01 2.175496575986801406e-01 -6.325709170551778726e-01 -1.946336501000099084e-01
7.729131439222186595e-01 7.057587456703714457e-01 2.808546645123977462e-02 -6.285234422718993796e-01 -6.743408876734622304e-01 -1.075606777020781946e-01 -3.771900070988401521e-01 -6.858877638762636564e-02 -1.119857404018004932e+00 -5.342870777840748042e-01
1.582139771833404929e+00 -2.127773382036147465e-01 -6.447302878238981849e-01 -4.906442700192124584e-01 -1.517765818934288635e+00 -5.763249148001309274e-01 -3.899929082699827854e-01 -9.841806326716934228e-02 -8.296756085297619931e-02 -4.302667505034954432e-01
1.281444473932141337e+00 -4.922877388472583493e-01 4.612149431402433608e-01 3.897333744036765579e-01 2.401276934633943816e-01 9.145351025447782112e-01 5.643712615510368957e-01 1.306299248086388864e+00 8.536215262517939939e-01 -2.849718044848171816e-01
-3.806243790694765483e-01 9.125639129494969026e-01 -4.228256192114203116e-01 -4.457540881338057370e-01 7.158679297552393850e-01 -1.025587271635985120e-01 -1.037160094273594790e+00 8.172535374951239717e-01 -8.634369324668799903e-03 -3.294132697917541708e-01
-5.647847699389747511e-01 -1.579339050976672265e+00 -5.909132634895612052e-02 9.386427722666006168e-02 5.637930815319721622e-01 -8.854239674235989122e-02 3.005142395259993160e-01 -1.672242718898917790e-01 -4.032733646323357624e-01 -9.606561506328668842e-02
7.290111475454781331e-01 -4.638373834557265041e-01 -5.211253956477388538e-01 -1.645316060960130056e+00 -4.348666289903868054e-01 -1.031232243373230578e-01 -1.371328347757249322e+00 -7.669993892686819414e-01 -3.265184468883700619e-01 -2.790937430706520450e-01
-6.780722312170016364e-02 -1.419244501780204004e+00 3.753732519117571054e-02 5.469143586056522954e-01 -4.265850228910569863e-01 3.165625653753622037e-01 -2.161355116025312828e+00 2.886435100466134274e-01 3.068155246514544521e-01 -8.615214021487234419e-02
-1.874633031790599702e+00 -2.309410052172903960e+00 5.534521419747030491e-01 6.785948972073110319e-01 1.666474041462336353e-01 -3.112080122629679035e-01 1.473004547930579777e-01 -5.217350362686552501e-01 -8.353379605721451551e-01 5.408658749079369166e-01
1.791933510599217072e-01 -2.383116813316682236e+00 -5.248446320502949680e-01 3.236906130819732219e-01 4.307722505043768968e-01 6.281920576139674028e-02 -1.277053053875941702e-01 5.786832833593004155e-01 -3.779728116061004117e-01 -4.748605517199811499e-01
1.430855167305020492e+00 -1.873203543329283072e+00 -1.022668350619593491e+00 -9.269197332227269159e-01 2.709947340695010309e-01 -2.590772447477816542e-01 4.398855585484701125e-02 1.170926499178819580e-01 5.471066174509934266e-01 3.713324423366893279e-01
-1.269307367890289973e+00 9.265649426577495795e-01 5.236831916479829374e-01 7.335079376130988482e-01 1.046192356531859158e+00 2.094787235315382912e-01 -1.067476467179172550e+00 4.188643437455466523e-01 -2.039344278707257097e+00 1.090756576400685907e+00
-1.684385883204927159e-01 -3.521242764805488368e-01 3.505649382813509352e-01 -1.460553763185015175e+00 -4.975435058558437817e-01 -6.771991689302528372e-02 -1.950304549966632717e+00 7.397332450846928475e-01 -6.575957496285906867e-01 -3.696068681623868035e-01
3.348206803633869133e-01 -1.580808456027849029e+00 -4.814340688035196880e-01 -5.158053386898134862e-01 -4.529527937606708798e-01 -1.991963876189883353e-01 -3.320131057444482003e-01 7.585059539363913084e-01 -7.657236197242351938e-01 -3.363937248393431556e-01
-1.913100143130730624e+00 -5.676388589240843885e-01 -4.818850344086244020e-01 -1.491936824711232457e-01 7.907231715191518351e-01 -7.207656417435220897e-01 -1.064626415336155096e+00 4.903555546520290687e-01 -6.924053355360925144e-01 1.274790232413054891e+00
-4.355328403560886907e-01 1.200076513741126893e+00 1.260064189832581061e+00 6.826343781288575219e-01 -2.898634363509109413e-01 2.197157815639438905e-01 -4.463535751495754239e-02 6.747059950635552611e-03 3.016318197835775594e-01 1.113433144181691148e+00
-2.563852314736810856e-01 7.742156172610947795e-01 2.919230647611989471e-01 3.640545644872398845e-01 9.255204920698689719e-02 -1.106796242175510647e-01 4.537711335828013004e-01 -4.549393992886618943e-01 -5.436037075050488276e-01 -7.458534601268798081e-01
1.460691774614974348e+00 -3.674813176166333850e-01 6.322477270717091757e-01 8.987086549517542267e-02 -6.559204283484930675e-01 9.552618993137411696e-01 2.674087203973243843e-01 7.449749791203686966e-01 7.512752488876911494e-01 2.836464673849164453e-01
-1.043880898092572229e+00 8.887365036284441411e-01 3.621078032937466995e-01 5.723132780443141998e-01 -2.064065175072907987e+00 -6.386689758846523235e-01 2.501585956941388411e-01 1.031156510031333434e-01 -7.379938091999870275e-01 5.414777684975869976e-01
1.281712352421912338e-01 -5.278658559543271123e-01 -1.560105259141861600e+00 1.473013313166393057e-01 -1.415795657678389496e-01 2.391083927605182347e-01 -1.477579344952167473e+00 1.017573910921232505e+00 -6.216587059145436411e-01 2.708826842435548277e-01
-5.666607556506368937e-01 4.036525095791616002e-01 -6.102902498639330986e-01 -3.585028535849712483e-01 -4.048297049685036786e-01 -7.410463673511809013e-01 -5.420691692911909776e-01 3.792819211580572558e-01 -2.657281828440999916e-01 9.667909641480038063e-02
3.277630880889222387e-01 -1.755641217206145521e+00 3.229846116808204881e-02 -7.622091800285216157e-02 -6.546736435434354906e-01 -1.721113879805393210e-01 -1.058301120156406733e-02 -7.453511160064208996e-01 -1.545347761555549426e-01 -1.642790813032949104e-01
-5.517918954984782909e-01 -1.514900051362238154e+00 3.490466103424536559e-01 -6.219680391837435485e-01 -8.404978687385521174e-02 -2.864900105381037315e-02 -1.830434455732412313e-01 -7.691464493679159853e-01 -2.186027078873164220e-01 -4.000282888664575820e-01
3.435385826727149761e-01 2.278162798348182527e-01 4.417277838853849170e-01 8.623130101505320777e-01 3.570126460077250319e-01 1.659676250406945108e+00 1.743743030836821251e-01 9.917649058694719688e-01 8.839891213504573741e-01 -1.680403507583225486e-01
7.704868333070233888e-01 -2.873452771243000470e+00 -3.239591706300075369e-02 -7.631334323751908233e-01 6.778694290362992092e-01 4.707011247445546664e-01 3.722784984291781507e-01 -3.178898124402167458e-01 -1.017759429437327667e-01 3.992944399193733562e-01
3.174498129428367926e-02 5.080106105692297480e-02 -7.159603567442173189e-01 1.868786010836916700e-01 3.987984625130199245e-01 -1.857023149180026256e-01 1.045569485384192920e-01 3.719994659598839237e-01 -1.369845877173249127e-01 1.100733938959664870e-01
5.215183872930374553e-01 -5.913407387987291708e-01 1.013120244556949601e+00 4.016321905859562835e-01 5.368827789076975332e-01 3.909590928723419984e-02 -5.766846551822628619e-01 7.411694763315020973e-01 -1.737929332800566495e+00 2.723771575543450923e-02
-4.024706774433770562e-01 -1.756137730590487056e+00 -2.680500925641797205e-01 -6.239500458238051994e-01 -7.965355606062312077e-01 -1.182197580574757101e+00 -4.688003304069638943e-01 -3.300698667855443968e-01 -7.555861350945330956e-01 -1.458701328513979156e+00
-4.946765505039048272e-02 2.211743095791923464e-01 4.809471453605766444e-01 -2.616526471276211518e-01 -6.841036937788995409e-02 -2.008232171206842109e-01 2.655716267232028360e-01 -6.820320053637224378e-01 -1.977936345322952871e-01 2.483696786716059479e-02
-5.788317811332132079e-01 -6.104524701049274249e-01 5.463017691776759222e-01 -4.410338008775022689e-01 -1.976966033798239764e+00 -3.386945676627658997e-01 -4.201864176382105187e-01 5.803446437750666709e-01 2.619659711272932096e-02 3.394568171131850942e-01
9.852193763462366860e-01 -1.013363500131601258e+00 2.934843056546344343e-03 2.922225143964760075e-01 4.013302863145735144e-01 6.790652453303694380e-02 3.154546057633843548e-01 6.085966875293051803e-01 1.204583379803999058e-02 5.787459618956283247e-01
-1.812257315462258156e-01 3.826755438544313104e-01 5.848423351280486182e-01 1.322592532010543054e-01 8.949888477150711452e-01 3.487315405277384150e-01 2.244120442688196937e-01 6.834291783266267517e-01 -4.333343551042770914e-01 -2.834711612130250136e-01
5.073015191493274179e-02 1.141028158518950564e+00 2.427809643279425500e-01 -5.213752910613931452e-02 -4.666596340024117828e-02 1.212745682726232399e+00 6.975522666281430695e-02 -2.941265334407885401e-01 2.541152532031387690e-01 1.307832562506642538e-01
3.879638381656895230e-01 1.131162437117888553e+00 2.896096321052665234e-01 7.145298611533176247e-01 -6.252056618239371089e-01 -4.099403343697677338e-01 1.589560710026672874e+00 -2.107501825766088799e-01 9.995508503242908072e-01 -5.716285622324531746e-01
2.898900015371428940e-01 -1.066913259465532837e+00 -8.368316031135246413e-02 -3.429773572493297618e-01 -6.245094467580297737e-01 9.255142821918012352e-02 2.888136646521013984e-01 -5.216363189748108448e-02 -2.386930777769310508e-01 -5.437618831238130168e-01
5.346234406412697648e-01 -8.995875539799882414e-01 8.255611757544514817e-02 1.511727373984881051e-01 5.286144297690109628e-01 5.633191473968152119e-01 -1.445088710590897829e+00 9.632577587150976672e-01 7.828295846053885398e-01 7.640616593720690464e-01
8.859677082906086687e-01 9.250313726931675973e-01 3.459192463537643092e-01 -1.878074292233004039e-01 3.316547518419554752e-01 -1.745994886481129771e-01 -1.734204504210908049e-01 -3.666785373221976424e-02 -8.259601533387550543e-01 7.137851055753327047e-03
-2.938031890916725231e-01 -1.347427797357390045e+00 -7.834924580924232940e-01 -2.882534803911434018e-01 -1.280929100789497677e-01 -4.364023082879722737e-01 -6.407255062903290110e-02 -8.741594985746269086e-02 -4.734576944919332564e-01 -6.993040226509855684e-01
9.499142523167697361e-02 -1.089340029912654773e+00 1.039018474177727080e+00 3.398378886599984772e-01 -8.570960485390206607e-01 1.919881101052216266e-01 -6.355889314263852841e-01 8.128447885299361353e-01 3.864130734909518861e-01 1.795827018558436572e-01
-1.839662811420038180e+00 2.727761461267082521e-01 3.504902853525671547e-01 1.789231090343842978e-01 -3.506164204613232971e-01 5.609183104216804855e-02 1.047807844596967852e+00 -9.114552863831991425e-02 5.385534396347827490e-01 -2.423121894613990968e-01
6.186916720331395864e-03 -1.992709980366492273e+00 6.334587295671600948e-01 -6.820970393707879165e-01 -3.490621760690139075e-01 -6.898707521316417568e-02 3.117230965521486374e-01 -7.344585311938592875e-01 3.490690579800729831e-01 5.756525221365766942e-01
9.159755247311264226e-01 -4.857940964583370436e-01 1.225174766464448561e-01 -3.637216006426505222e-01 2.038271576302591037e-01 -8.809018899978947603e-01 2.820529149802443181e-01 3.957526320759833238e-01 -7.262225494818213001e-01 8.880137152601279560e-01
7.793683787869188917e-01 6.542457084694941472e-01 2.289755875492853199e-01 2.301403650662000311e-01 2.859348707342016516e-01 1.222374238449621675e-01 5.342563630566566912e-01 7.312347226495859998e-01 -4.490838831253351482e-01 2.988188555091197407e-01
6.631206555038795525e-01 -4.462581248523669192e-02 2.672755560465296318e-02 -7.976774861112395643e-01 -1.200943660073278685e-01 7.393287919077806691e-01 -8.003639378489389722e-02 -3.723647342011637273e-01 3.843716659701384986e-02 -1.025365130743174646e-01
-3.866211600236163504e-01 1.048389880026837639e-01 9.935437699902928410e-02 -8.042614022589290590e-01 3.898069062946387109e-01 5.641415034449338145e-02 2.168617262904104503e-02 2.655775124426765221e-01 1.419819970429790287e-02 4.409589250213106770e-01
9.891889424780291040e-02 3.302509560248015341e-01 1.530833920762219302e-01 4.134190598110568104e-01 2.668192807697194469e-01 1.056186425828575109e-01 -5.368161773510909951e-01 -8.407861885059693119e-01 2.911905533243693278e-01 3.217643743436588433e-01
-9.022506151338131053e-01 -2.495183794559554524e+00 3.391042409541543401e-02 -1.085132359428485072e-01 -9.216166967401040466e-02 -2.301348185589544293e-01 -5.943017903140477426e-03 8.771212495911305806e-01 2.539725229880396631e-02 1.350272385731029756e-01
4.436903572284498498e-01 -1.024247856909571874e+00 -7.154878457516450352e-01 -9.364373340560783188e-02 -3.780780000594334278e-01 -1.396394088096611474e+00 -7.587989123904628208e-01 -5.219888345774890137e-01 -5.142191210324611461e-01 2.566436340135384332e-03
5.245985141410279828e-01 4.126745812727383167e-01 -5.542935192070251871e-01 -1.800401006687145644e-01 1.567777020182114026e-02 4.514651153282150595e-03 -3.460048589169386624e-01 -9.723417841707119313e-01 -1.899810555159923975e-01 5.880809262380652935e-01
-9.243026965427477704e-01 -1.280888912555570913e+00 -8.225353517094846634e-01 -9.025067838790633568e-01 -1.719276021016047817e+00 -1.128087190288549646e+00 -2.921725310710456824e-01 4.554761928071828780e-01 -3.894403543370868470e-01 -7.133712856689601589e-02
-7.600279365622929217e-02 4.967839020813592521e-01 2.124306889383225372e-01 2.875116415958142713e-01 5.288499697945336919e-01 3.522720158905000565e-01 1.408957562508979855e+00 -6.087630911292353508e-02 4.158524174509303228e-01 1.263775948810966776e+00
-1.114274382066890778e+00 -1.004716387231191943e+00 -2.693809415169227117e-01 4.966907591008265337e-03 1.517235317437838626e-01 2.511037986213842110e-01 -9.181551787506468942e-01 6.835970909095260284e-01 -2.649448587939805255e-02 7.742559133388083881e-01
-3.488113156263153436e-01 -5.258039610196147962e-01 2.715629152637230592e-01 1.598133865396277775e+00 -1.706780774086656405e-01 3.346406419276745647e-01 -5.447448453658291223e-01 -5.372871469093424279e-01 2.784158497626891826e-01 -1.079533259379940741e-01
-1.905884891492658717e+00 6.225332990368503960e-01 -1.221478921660033440e-01 4.432476136459568283e-01 1.165220378278124747e+00 5.455992303180628999e-01 -3.424214701098810543e-01 -1.662819759728034474e-01 -1.026761462547773479e-01 2.012939722138659404e-01
3.803575802131151443e-03 -1.352412926134972215e+00 6.371433432176885070e-01 -2.557385137798761088e-01 2.007221635883172095e-01 1.194911162646406511e-01 4.632479509686528996e-01 -6.779518002217692629e-01 1.814126250034480692e-01 -1.001430658496785669e-01
-2.169389502151226889e-01 -3.203822036476892121e-01 -1.815432930691823488e-01 2.715070472582177263e-01 -8.227032854000611989e-03 1.583873736901346418e-01 -1.534133730355970560e+00 -2.407225939233848325e-02 -2.949358126520660872e-01 -7.107148442832420532e-01
9.163864268516762612e-01 6.402696221728698678e-01 1.135710111429298452e+00 7.181978627261318415e-01 -1.261849606105357013e+00 1.210974534742248476e+00 3.234009456725529807e-02 8.657626416150853155e-01 5.542132380575753858e-02 -1.467592890599670241e+00
-9.802802859512951272e-01 -4.458712745801871602e-01 9.403481054170755027e-02 2.927096921282069109e-01 1.672192480262361947e-01 -7.185531082506392553e-02 -1.366310349766192145e+00 -5.518463122200223392e-02 -3.324177673976636549e-01 -1.960603795270590421e-01
-2.369001135672725411e+00 -6.710097228090485810e-01 -6.659563600332752964e-01 -8.302442818104869282e-01 -6.108051159187132262e-01 -1.488005389091588970e+00 -8.391967088151858212e-01 3.059775681099661249e-01 -3.359439350609817465e-01 -3.019381470498168352e-02
-4.303155780015532894e-01 2.603006567307188379e-01 -2.377894539743276026e-01 -2.098313705056621681e-01 -4.879730038851787799e-01 5.523370727489352872e-01 1.719157809919271973e-01 -2.060670566121768355e-01 1.811072399342399109e-01 -1.948491845422928304e-01
3.845971486289215813e-01 -6.257232491140312103e-01 1.651567301496457141e-01 3.967752472100508632e-01 -2.805051469404161724e-01 6.877649867556359098e-01 2.528921261474782467e-01 -5.675320528898664119e-01 5.244116293046707789e-01 5.434202139150628996e-01
-1.993016295637467794e-01 -4.961977216237333232e-01 1.637655907988348758e-01 -6.019630864279200688e-01 3.738544043271488926e-01 9.106886658992764394e-01 2.507844096842857251e-01 -8.674148189063303205e-01 -2.824015199780813279e-02 6.893951756960909893e-01
2.733159791154631257e-01 -7.176498733728838841e-01 -2.275370305444329166e-01 -1.852271244649226434e+00 -4.721488527759163528e-02 8.409952956555813985e-01 -7.271886282427554304e-01 6.873356035163578071e-01 3.025943383818346377e-01 -1.293843672648250509e-01
8.322701879016648485e-01 -2.212787997187329658e+00 7.573230223508301551e-01 1.503284040374218145e-01 1.141288101004845068e-01 -9.210323178242649234e-02 -1.116653912793729025e-01 4.666748625618299395e-01 -3.649952534709417495e-01 -1.482093026189547705e-02
-5.441806539448950097e-01 -8.806714855915916129e-02 1.392149098138199426e+00 5.446142732205021542e-01 7.131131632770898454e-01 5.073574812772649878e-01 -1.029269568450006667e-01 1.652320033843881764e-01 3.857910867469311333e-01 4.051672434852008897e-01
-1.750458415828524128e+00 8.431772524495183552e-01 7.251693882018483972e-01 -1.517019004993687137e-01 -5.552709957895719528e-01 3.311117228775412730e-02 -4.241258588142818309e-01 -1.748065867481269686e+00 -7.002472506546837394e-01 -3.892335018980025430e-01
8.795523562985974042e-01 -1.147518286196121506e+00 4.334854445759784847e-01 1.497400353505375925e-01 1.244969489206419894e-01 9.263377153509898543e-01 -7.707746574992251076e-02 6.453290845325180269e-01 4.176799377978807626e-01 6.305915764741472085e-01
-4.700038118670455956e-01 -6.769197889906428678e-01 -9.491017295302060786e-02 3.119874869365471537e-01 -3.288931225675464920e-01 -4.441769678444507097e-01 1.022660573753953139e+00 3.977952874532824090e-01 3.086116953311464628e-01 -2.076971358815087043e-02
8.679248865468146557e-01 -4.099106586791607248e-02 2.929748960585397688e-01 9.429828219075685469e-01 -2.794369613644051217e-02 4.634029402459710623e-01 6.834451526062459426e-01 3.784186860274824614e-03 -4.010384608790087957e-01 -4.483801585359911690e-01
6.938595305472999852e-01 -1.177185057815518521e+00 9.311697142041061581e-02 2.518231502109083975e-01 5.445386893180574617e-02 -1.469038974786550655e+00 8.148452820893173909e-01 2.605447319145673402e-01 -7.555428743215872878e-01 4.155683229469111506e-01
3.028984516504783508e-01 -1.979008777509357664e+00 1.701384805967803837e-01 -4.742856629590987139e-02 -3.165736940364689556e-01 -1.451278480599422327e+00 -1.278602094074703655e-01 2.781036123247928593e-01 1.245774390328369674e-01 2.699952263334133296e-01
-1.447694035093268106e+00 5.087129242211160252e-01 -3.376833791848184996e-01 -5.439536118077391291e-02 4.387837021035844720e-01 2.912695016738001130e-01 7.666360207102677904e-02 -8.569776349084159417e-01 -4.443685910957251850e-01 -5.679613925318185430e-01
1.923500940943633220e-01 3.984484172547285152e-01 2.180718054321145183e-01 6.364917408301726809e-01 5.845023274691319992e-01 4.003771120806808859e-01 1.647754788490460198e+00 9.183590449878986650e-01 7.537831261246348280e-01 3.902233185416154049e-01
1.353577296924411089e+00 -2.285233560699037714e+00 9.982225706540950316e-01 3.312309379976682289e-01 6.006611208428677129e-01 -6.252736588073208868e-01 4.668240698604559369e-01 -3.069879760385469392e-01 -4.341379160713022545e-01 9.682654072411919222e-01
1.235132522007777123e+00 -2.680819664827223114e+00 1.037472971153334811e+00 1.164939929626062298e+00 8.435188195494157659e-01 1.312397435874318008e+00 1.364522398679110182e+00 1.761101548949211226e+00 8.882928042368493093e-01 9.305351956006590042e-01
5.503610738391829793e-01 -2.701680803385349883e+00 5.623941646260992577e-01 -4.940918303221901176e-01 1.767562438390037072e-01 -4.500724447860133814e-01 2.005927669200976704e-01 4.134247561205815075e-02 7.271607001074577026e-01 1.012734817102540763e+00
5.703421696329608048e-01 -1.561758426500536201e+00 -5.602650151197288153e-01 6.740515636934792110e-03 4.251923888696556020e-01 -1.433958284691475016e-01 -5.289760209974797567e-01 3.574852077708728926e-01 2.788391153096998476e-01 2.269081193318729928e-01
-4.531413873284517724e-01 -1.636742822298884459e-01 -1.428226665586142863e+00 -3.488650881463703501e-01 -4.771479783965146271e-01 -3.846457820281896645e-01 -7.368769717542553721e-01 -2.502202425237697314e-01 -4.878378122194023114e-01 -7.920639490224121726e-01
-2.832272446458531934e-01 -1.472466530266197671e+00 -8.211172944765233739e-01 4.214576199374819865e-01 -3.768282959786225517e-01 7.250304050370773856e-01 -1.864144353343611671e-01 -4.692658880885817729e-01 -3.833953862457988720e-02 -2.524513258541570826e-01
2.579632598126296306e-01 -2.599104282658979859e+00 2.905290589146919955e-01 2.999041489385253501e-01 5.136451590483379626e-01 7.479664746253189556e-01 -2.498435694285370823e-01 -3.111749005136629428e-02 2.557209934354214842e-01 5.024076128126191143e-02
-4.360253535226200627e-01 -2.328493400343212283e+00 -1.387267533505747441e-01 -2.183161816693003909e-01 1.557400671418880389e-01 3.656676240255683497e-01 -5.218497954985842346e-01 -4.222406744636137410e-01 3.815304784680122879e-02 7.382366269466916764e-02
-2.632365916182672905e-01 -2.953295208326315105e-02 -2.562780249823408685e-01 5.193913258731142069e-01 -2.281790275206344865e-01 7.978161157375518453e-02 -1.651496088539886387e+00 -1.817129601177427389e-01 7.030929627721352326e-02 -3.352059206625122856e-02
3.618740911737728383e-01 1.168796019592580837e+00 -2.213951723131540039e-01 -3.596697112507260541e-02 -4.054178658219412812e-01 -1.429356056529918761e-01 -5.530901174498611406e-01 -6.664578903592672798e-01 -9.710004228462734144e-01 -5.272543197306852614e-01
4.730160733096416825e-01 -8.356485687568426801e-02 -5.552678471268990279e-01 -5.093189859473183922e-01 -1.332088170978394936e+00 1.146831102924159018e-01 -6.902841406744730790e-01 -5.982645497910401566e-01 -2.522905400210774252e-01 -1.149964275252322032e-01
-1.509091672060126621e+00 4.149646389023186610e-01 4.934116814195194101e-01 -8.871808505237340770e-01 -7.055169599155597382e-01 -1.140192956005903646e+00 -8.550078227944406528e-01 -9.692163562049810333e-02 -6.331091651117082275e-01 -8.865905600601231562e-01
3.408882459950996480e-01 -1.015002156927706789e+00 -4.347285985734650193e-01 -1.135254308160644321e+00 4.720050634544852852e-01 1.114645029823162770e-01 1.506540577574740358e-01 4.377000513813082416e-01 6.529738230366759488e-01 1.505636285293417836e-02
2.428989753091470860e-01 -3.916980089759195677e-02 -1.534458679125426384e-02 4.628277728693072635e-01 -9.779110147173115664e-01 5.095519368655567760e-01 -7.445395103153750194e-01 -9.430982991634397905e-01 -2.358198524437029042e-01 -1.701539727727739704e-02
4.842239948474161282e-01 8.345943682548292442e-01 1.297718386427447301e+00 7.905025280347489636e-01 -7.298221853495665545e-01 1.048084917500207158e-01 -6.558030130174113959e-01 2.098512946484980268e-02 1.017124508968840213e-01 1.207791765939159184e-01
4.553281901838824447e-02 -3.758510135553205789e-01 -1.593357761283394070e-01 4.683570206297778538e-01 -1.494761548913024374e+00 -6.243894839087132942e-02 -9.368061138492826956e-01 4.660886039386699653e-01 -5.201653938361370244e-01 -2.546087648249374669e-02
7.144821811837923642e-01 6.157341562176588123e-01 -3.376035269777986070e-01 2.005282302192142874e-01 -3.482252880011070140e+00 3.009506649010768031e-01 2.405945712931375213e-01 7.044862859177136727e-02 4.492723006893060700e-01 6.027726286504090369e-01
5.845763133091000929e-01 5.720850553994736298e-01 6.545379246174687360e-01 -3.433884179017229754e-01 -1.626465416679113707e-01 -3.588837104243771670e-01 4.170362731226726627e-01 -1.874827082352791552e-01 -5.224872435737913934e-01 1.107575044751616833e+00
-1.695928142617996459e-01 2.595275387719852556e-01 1.104788928090156386e+00 1.507147675622185212e-01 -2.199751400306909854e+00 -1.285208126800469197e-01 1.645947251048548998e-01 1.043018814860017379e-01 3.907732190043874954e-02 -5.890057591040497309e-01
-3.016943746942724047e-01 -1.010592634870317807e+00 -3.343643017523384997e-01 -3.589770325245026927e-01 -2.751170649426487036e-01 -2.053607551347682615e-03 -5.308246947830097540e-01 -4.282228650283351756e-01 -7.383722608480213223e-01 -2.402949049878577159e-01
8.629871788120533349e-01 -5.588914368090739382e-01 3.671975271153107290e-01 -2.124431762674804380e-01 2.582216305323358219e-01 3.748825153816887634e-01 4.515736711174771212e-02 5.411730074093111797e-01 -6.155609232026144212e-02 -3.804856930878222632e-01
7.739032105856944455e-01 4.958881262471533380e-01 -3.760534730982447154e-05 4.245517817565144236e-01 2.122387865301211540e-01 7.568413681071897159e-01 -3.488832017258907126e-01 -1.500046755646810559e-01 -4.235255138075380010e-01 5.249786078858915683e-01
-3.908006717919577412e-03 -1.108852221248931791e+00 9.723133591414969690e-01 5.485786225797661952e-01 2.885597633220871039e-01 -5.405738874195726851e-01 5.310308276749521605e-02 -4.573485986387518798e-01 1.464850146152235078e-01 1.847359099268811866e-01
4.301221344484455478e-01 -3.262633737117792143e-01 3.651916711989713904e-01 -1.354589241318433501e-01 -1.716610259017892437e+00 -1.035801238741993618e-01 -1.045327959255587302e+00 1.623216559258158220e-01 -1.631405704137938839e+00 2.930632716902077384e-01
-3.299324503628676131e-01 7.666751971257917964e-01 -1.528845839288405783e-01 1.335913259611887005e+00 -3.597777148306214312e-01 3.793354475238576717e-01 4.464288616084884920e-01 -6.959983979146148192e-01 -2.994109039103912129e-01 2.254154975776017644e-01
2.795318876681226472e-01 -1.150322859728258207e+00 7.156166040733169531e-02 -4.530396472166934863e-01 -6.376163066015361203e-01 8.357783993662044886e-02 1.223366835386868301e+00 4.304331481627971523e-01 -1.316806422125464726e+00 1.696680058853381259e-02
-2.951123687165789766e-01 -4.234982279119200443e-01 1.657507937227252481e-01 -9.027089303357678229e-01 -7.316114824447222942e-01 8.981697140822833547e-02 -6.602294105755630582e-01 1.896417576849752651e-01 -9.200603006149153940e-01 -4.323196234826100492e-01
3.798433737022009482e-01 -1.498085322463326374e+00 1.718872455198655613e-01 -3.574658151159064955e-03 1.031556242758760733e-01 3.214916066950534446e-01 -1.294864248209676855e-02 -9.871906671023937541e-02 6.096323053406040721e-04 -3.214026597975701005e-01
-1.927169675333992582e-01 5.188408714842885905e-01 1.287792606903643611e+00 1.255365762490909587e+00 4.788568485811258574e-02 5.394980390030025275e-01 -1.306660845459752363e+00 8.200757194378972825e-02 -9.305492196633957658e-02 -1.862192904037804353e-01
-7.049633943743276177e-02 -3.826540936098543622e+00 6.942506442936360322e-01 -3.559901567460090344e-01 4.031284095648838828e-01 3.333835629418591684e-01 3.590452292791763700e-01 1.027042075567824453e+00 -2.049505928178386449e-01 1.012321585648243483e+00
-9.506409422639191531e-01 -1.892301883297970555e+00 -4.401846067165546272e-01 9.714174925116433879e-02 -2.508001935246148006e-01 -1.847141782733069670e-01 7.788719258023196756e-01 4.379607119368381651e-01 -1.230531862060623371e+00 3.981823934823061073e-01
-4.685313345154180631e-01 -7.786274580434511261e-01 -1.417866630836313868e-01 1.363362861662665015e-01 -9.268053025671203482e-01 4.740525268635062961e-01 -9.848488034569449212e-01 2.508920571516631282e-01 -9.798681899728083344e-01 5.648084621674924755e-01
4.006073156606022034e-01 -9.376179280196116350e-01 -7.445585473312367197e-01 -2.920518569159220035e-01 -1.157733718593653149e+00 -1.448084039844244886e-01 -6.869706257779694125e-01 1.796316363046587539e-01 -5.499413554788397107e-01 -6.202506878677112034e-01
4.321875672379154459e-02 2.189902961384878610e-01 5.691264152088315598e-02 2.164082597600058555e-01 4.051995856193287698e-02 4.635346988420032677e-01 -3.436727002449853519e+00 5.652223681649038989e-01 -8.371542550762378632e-01 -1.315810400759958587e-01
3.735013951168222324e-01 9.837484191970343739e-01 4.386468809291827475e-01 2.750398320388689477e-01 2.852245493053183756e-01 1.500981599297985802e-01 -2.497562156136521605e-01 2.186002806314299440e-01 -4.338185230958634397e-01 -5.912438795158795335e-01
-4.789864959383804410e-01 -7.168628034856787679e-01 4.941653322253967140e-01 -6.012951960004422891e-02 -1.853264345855808876e-02 -5.517934401283553641e-03 -1.244270466503653028e+00 -3.762208780727524515e-02 -6.890915971940372309e-01 -8.104449457545201962e-01
-5.478371717571471899e-01 7.746875734579290462e-01 -2.902048405486299942e-01 -9.888793132876095848e-01 -1.085389343401210516e+00 -3.756838733990238155e-01 6.827109811983842480e-01 -8.913575189746341110e-01 -2.871407852795810345e-01 -3.037935090057243825e-01
-3.380650581470004967e-01 -9.945318606018805907e-01 -8.968923099288848844e-02 2.890392186197970337e-01 -1.682786442551608808e+00 -9.958155096519902827e-01 -1.141409558450372647e-01 3.244419864557476219e-01 -1.640877939156832666e+00 -5.645362209503281825e-01
-6.256879569758157233e-03 5.787947611576733237e-02 6.313345712219502470e-01 4.058904243139694334e-01 -2.135779357264069034e-01 8.390096272753401196e-01 1.227036185863755041e-01 2.640145153752790907e-01 1.469880917030183198e+00 -3.806972352057628739e-01
-5.023829038568565775e-01 -5.929559235269891981e-02 5.269114931670969559e-01 4.752844821549936927e-01 3.440336516712459991e-01 2.262334052197242096e-01 -5.437508380446840484e-01 2.045332925833872051e-01 -2.247041266247223057e-01 3.853321428968058820e-02
5.857566768144888414e-01 -2.629418379750631640e+00 1.185700872664584349e+00 1.086642607551499551e-01 7.667361161471372144e-01 1.010248252391447110e+00 1.237375218708497648e+00 5.038889405879685146e-01 5.284894650053132414e-01 7.604046659636836125e-01
-5.855110069282368768e-01 -1.420159376838673326e+00 1.229586282344470094e+00 2.978127082635406153e-01 5.996136682595887279e-01 1.080968991362950549e+00 1.309480655870552401e-01 5.399565921683904257e-01 -3.867204062748040294e-01 3.763910897324289351e-02
-2.167259177537586567e-02 4.333711061851235058e-02 -9.839487648159279953e-02 4.340853232725593314e-01 1.259201347951744099e+00 4.395644376052002533e-01 7.064478919315140271e-01 -3.624365937967020668e-01 6.708314569874722633e-01 3.152463216177017191e-01
6.920876952329856335e-01 -1.085712459822346931e-01 6.170367262241428785e-02 -4.786203274361752746e-01 -1.136289213231468809e+00 8.313200901905914986e-02 -8.683765544497179523e-02 2.140041700992109941e-01 -1.077042125470603906e-01 1.805023727034173742e-01
7.688033346529274947e-01 -1.609291098643083284e+00 1.358443241988076755e+00 1.611549867362503108e-01 5.623668137493555985e-01 -3.165084284207975857e-02 2.478352755274897679e-01 -6.564836807494980886e-02 -5.350935851488420880e-01 -4.270083430431965144e-01
-9.078809749203355095e-02 -8.213334828924737652e-01 -5.654625437379279251e-01 2.499580778089039446e-01 -1.267011197499441799e+00 -3.111122610962824830e-01 5.152164703309233262e-01 -2.497752667283993921e-01 -4.676127924899340926e-01 -1.530104929973704064e-01
5.461708477415766483e-01 -2.618841121373389313e+00 5.366632997423508300e-01 -3.343199978053380539e-01 4.600024516133769392e-01 -3.562935821518896651e-01 1.454982825300946692e+00 3.496335883940439593e-01 3.024771391696198242e-01 9.486954979898248874e-01
5.261714091274471983e-01 -1.918232832490613715e+00 -2.858548960154460028e-01 -4.008665058718047791e-01 3.706025786879867390e-01 -7.421843369603750018e-01 -4.441807223152178241e-01 2.706551342916300174e-01 -5.758300448240895042e-01 1.070164617864588941e+00
1.002042257013684851e-01 -1.397288660473787969e+00 8.060542357712775496e-01 5.221523055297785376e-01 5.139921283943510444e-01 5.717465006729520738e-01 -2.428127933566429919e-01 1.299641353266488109e+00 1.115267849149462753e+00 8.900144726801819672e-01
-6.980194930832444022e-01 -6.440134065431664112e-01 1.908354903776930123e-01 -2.637078140150816985e-01 -2.595046087523092959e-01 6.917355715635460645e-02 5.500258723008307760e-01 -1.144312120370036379e+00 2.810428783917438555e-01 -6.364376545349051950e-01
1.152329161603881769e+00 7.939794122819847644e-01 1.279810028432405655e+00 -1.444662387301580253e+00 9.790357290374299137e-02 1.193321722211425850e+00 -2.418266827727419965e-01 1.137388190347452088e+00 2.163320273218381773e-01 1.148790412488384982e+00
6.414433643222086090e-01 3.012243330156202936e-01 1.752318801248274882e-01 -1.547609905458164903e-01 -1.968053540634395526e+00 3.815367170757957838e-01 8.452341701944694474e-01 4.027339456850469457e-01 2.723485467682550398e-01 2.147847353884814459e-01
6.368101448261659359e-01 -2.461559052250401169e+00 -9.366533317978988082e-02 3.399933217505496374e-02 3.344653852333513422e-01 -8.257709928297595203e-01 -5.329126525917456947e-01 -1.744981941256922853e-01 2.107788716268481910e-01 -6.088523526187580304e-01
8.166879434206503197e-01 9.085417273073925770e-02 3.577510722472285187e-02 -7.295571658244019986e-01 4.762681215333837148e-01 2.918995233054799132e-01 1.107735070922997833e+00 -9.233649701796707576e-02 5.719176423812931676e-01 4.439159840568013826e-01
-7.494015236980807737e-01 1.587670708241513129e+00 -2.522349844412717368e-01 3.508322271802477021e-01 7.031160867437526996e-01 -6.184960443840009647e-01 -1.096601415257757006e+00 7.777035802622800365e-02 1.767004949407439129e-01 1.558361760333192958e+00
9.344257651595769820e-01 3.750658355288687407e-01 -3.461896377598298186e-02 3.445415477568432028e-01 3.061223596003195269e-01 3.796025323792520667e-01 -7.488719335845619440e-01 -3.196784782054863383e-01 4.187245540470660443e-01 4.509024339543964977e-01
3.814492154042225386e-02 -1.946917320981471855e+00 6.415129431519318859e-02 2.200576993020388616e-01 1.675057797609479440e-02 -6.730950266188269193e-01 1.094230753303454096e+00 1.797674175305720781e-02 3.969330795326551226e-03 1.982817182068881412e-01
8.528025939382426479e-01 -7.950874102614535754e-01 7.551375775652914221e-03 4.301298357219054957e-02 -5.046593897778866022e-01 -8.552906312876297212e-01 -1.114077664526430755e+00 -8.513025889947875013e-01 -1.537574439784588964e+00 -1.992246980938191525e-01
-2.975879416153861534e-01 -2.867546985669811477e+00 -4.782359951974116813e-02 -2.086413428369326417e-01 -5.802268253831839306e-01 8.996859556121808432e-02 3.728050947012758187e-01 -3.407847756231924818e-01 -2.832779619629096080e-01 -3.196538688570453313e-01
-1.951354641274352930e-01 4.850059590133502518e-01 -1.801414475610979837e-01 9.104625360077226448e-01 -2.759147889415846100e-01 2.980917266905414587e-01 -6.534884802733985643e-01 1.314943976254070002e+00 2.997895535865233718e-01 -1.062884386819329952e-01
-1.063935650707607872e+00 -3.010448031169549732e-01 -5.568679011744301910e-01 4.523576595974516772e-03 -2.055054796474495571e-01 -2.442338773692183940e-01 -2.569688694218780767e-01 -1.705725033484578879e-01 -9.535698803821822667e-01 3.029078066508170686e-01
-5.935134732260525549e-03 -2.958776223245036530e-01 -2.648572594912250722e-01 2.526468828636391217e-01 5.121823257869785317e-01 8.534124466918643348e-01 7.388145489780334474e-01 -1.078557744779514715e+00 -1.012299416118948303e-01 2.726121957668516393e-01
3.953642425320236797e-01 4.025141375091789153e-01 -3.455292712223708707e-01 1.000917562619459966e-01 5.353493646101388226e-01 -3.297951221158736401e-01 1.108689945254903025e-01 -2.812634447056860387e-01 1.999246622088207137e-01 2.897941205556852640e-01
3.365095134425375445e-01 -2.704146778338255341e+00 -4.810330782950741346e-01 -4.581874147272232412e-01 2.716937269342389882e-01 -2.032738398656891987e-01 -4.112680879506908638e-01 8.040993998892524697e-02 -9.790078193141524276e-02 3.082322707671759643e-01
2.835551954609180081e-01 5.777173043681731457e-01 -5.680155802535828968e-01 6.492151113251648509e-01 -8.085640373920708335e-01 -3.568052696779082655e-01 3.032325700398725288e-01 8.662473778900550356e-03 -1.374485529185786925e+00 -7.751742564168671024e-01
1.426860512195106123e-01 -3.104583440264146788e+00 -6.694826149185644226e-01 -1.075382185706226235e+00 -3.865287595625687134e-01 -8.082937914658271383e-01 1.479977103622651113e-02 -5.059877019323810732e-01 7.641263451400799600e-02 -9.612484199020221443e-02
-8.217780657771108777e-01 -5.772714433629057007e-01 -5.925021259905653981e-01 2.632214810655305604e-01 7.534818595506834749e-01 3.795841986448180716e-01 -6.969098828593549566e-01 -4.839310484411481483e-01 2.299493813675101694e-01 -2.155701207457313417e-01
9.536175798748379728e-01 -1.538129025426654195e+00 7.230589496233805202e-02 5.563881850119437589e-01 3.618770870681802809e-01 -5.304262199693459134e-01 2.399665491174992615e-01 4.782961431983885348e-01 -1.885895403953556093e-01 -7.823317163037324384e-01
-2.101235860405215594e-01 3.941205309267583612e-01 -3.638910971724853560e-01 -2.261997511151486451e-01 -5.585960622183702151e-01 9.326050100217190275e-01 7.951230723186692995e-01 -9.354594759646711610e-01 -3.438593013967813916e-02 -4.133856763891590597e-02
-3.428652773637115292e-01 -5.576064446207855685e-01 -6.199786766335870780e-01 -6.526424807138047068e-01 -3.299514136969861622e-01 -7.005315002507099820e-01 -1.379212593564998812e+00 -7.854321896363140043e-01 -1.315857205271584895e+00 -5.781653978612879552e-01
-1.146892499871242088e-01 -5.431042528192807639e-01 -1.302297828607406061e-01 -6.281219104750293547e-02 -6.009905710076867136e-01 7.173927650388424171e-01 2.644845775888106099e-01 -5.289529366824726742e-01 -6.405144752753404447e-01 -1.106371829945105523e+00
-9.949865148933815240e-01 -3.172320878584913295e-01 -1.102943030044083034e-01 -4.096767062338389082e-02 -6.808996765473955826e-01 -3.106471580375363972e-01 -3.420226634709194746e-02 -1.280276761724065571e+00 -7.071624262119566851e-01 -2.191278963006739189e-01
-4.776374162186630135e-01 -1.276027098865486265e+00 9.421961109996292993e-01 4.251805124075822007e-01 2.369159386559486768e-01 -4.393577491266721369e-01 2.576021829637311078e-01 2.217620227545167022e-01 5.272809448747735050e-01 -4.956045296843292203e-01
1.070904245229403529e+00 -2.009285578290221919e-01 -1.043996068357589069e+00 -2.644716458855120300e-01 -1.138633270961639576e+00 3.896590951528990376e-01 7.307342871242284987e-01 1.708333195312895514e+00 -6.656597693168216923e-01 2.842785534598980535e-01
9.662548576183027649e-01 -2.651937640276823771e+00 -7.455073334553791176e-01 -1.326647509389891288e+00 -1.393413563616995032e-01 -7.605728333472840941e-01 -6.117088317158525523e-01 -3.514390219208234911e-01 -1.831427048911444533e-01 -4.001038873955797270e-01
-2.415513716124504107e-01 -5.715113739238607549e-01 2.675645892467332088e-01 6.592676624449209655e-01 -1.147944234351513382e+00 6.276771120600040943e-01 3.559638126470646147e-01 2.517975802021957810e-01 6.870435673462534920e-01 6.527588170406738444e-01
1.014898567646564054e+00 -1.209401775715565064e+00 -1.372629616196026525e+00 -8.022486712876544246e-01 -3.136854436472104046e-01 -4.736327881857971822e-01 -1.633703513985262923e-01 1.335833376513824167e+00 -1.111807772480005285e+00 -4.871676794213705142e-01
1.314046107006667519e-01 -9.648856893653635636e-01 1.819558215023069137e+00 1.049823662321653472e+00 1.261514047526381299e+00 -1.171818617583721966e+00 1.128155108730626743e+00 1.169342744793127276e+00 -1.241683956538183864e+00 8.576950317879612484e-01
-1.023764748391627455e+00 -7.575432129583381524e-01 3.357166746109733202e-01 -4.641498236517954123e-01 1.096794706483127158e+00 -1.030341127398158724e-01 -9.781725423055936952e-02 -8.801221963990228936e-01 -2.504247410871239810e-01 7.638110209499617831e-01
-4.771391535208298063e-01 -1.839350323216397909e+00 1.017173659307552269e-01 -3.960936054358034641e-01 7.234074740728574371e-01 3.046942066288072515e-01 1.719686196932209976e-01 -5.586830975011406464e-01 1.111448516433094919e-01 -4.063634372047532084e-01
-7.253844932453881178e-01 -5.321322860612247574e-01 -2.630017236552339988e-01 -3.978478470253355992e-01 -4.888214397654748189e-01 -4.342759827785317994e-01 3.158285108526776575e-01 -6.285690506205525718e-01 8.800057627760310419e-02 -1.405680656438592635e-01
5.826834717996024482e-01 -5.612655176145687763e-01 4.135458757737046631e-01 2.018900502041719169e-01 7.778139882503219693e-02 -4.961404025890480685e-01 1.233529739584593027e-01 -1.172080040227064524e-01 2.850170063991613323e-01 8.477803196154792831e-02
-3.664885816009917363e-01 -2.040543135644696388e-02 4.670986594539962983e-02 1.027430515892876484e+00 8.950515756289340041e-01 -4.259477112059033566e-01 6.917145314471777606e-01 1.047037978277606474e+00 -7.316569306059174105e-01 1.280596374286852690e+00
6.321123221547202409e-01 3.216563799263433832e-01 3.125975558824256040e-01 8.573483380664962406e-01 2.623023504777359238e-01 2.222623304822773649e-01 -1.747307748084387047e+00 -4.964649094300702670e-01 1.881081014643969651e-01 -2.794147356013747252e-02
-1.469703251507066488e+00 -1.231789012516109949e+00 -3.058589294846796314e-01 -3.854874996687465138e-01 6.968151099764162693e-01 -4.382645190862330953e-01 -7.548753314446715601e-01 -1.116344604121361161e+00 -4.796344833933697260e-01 1.464415902277840104e-02
9.744478036882525673e-02 -1.590011553573619674e+00 1.325601887393346445e-01 3.026765248406387832e-01 -2.090969754486878829e-01 -1.101526149967539392e-01 3.372375292715385497e-01 -1.254986085298844811e-01 8.307056566487008853e-02 2.708917661842900060e-01
9.651362950402080088e-03 8.706049030963673996e-01 3.370617336359945648e-01 -9.865149635258261274e-01 -4.913465460796136441e-01 -8.050586803479593823e-02 -2.762889004462320552e-01 3.523863047808021842e-01 -9.266467687144999132e-01 -1.229667204691667237e+00
1.154147171955634432e+00 -7.711581028319579589e-01 1.950810757014814489e-01 6.823781820359993144e-01 1.746644079320918141e-01 1.314377247157098250e+00 -1.980755586549606262e-01 1.398341393023270651e+00 1.406057284302923760e+00 8.707920731063999165e-02
-3.849493412801298642e-01 -1.178341740475038257e+00 -3.015440135946601541e-01 -3.663106079545668248e-01 -2.353160638675200755e-01 -2.832526792413106453e-01 -1.233890649939046597e-01 -4.964856436263365702e-01 1.090060023182409105e-02 -3.730394059338456580e-01
6.164666478580035358e-01 4.843576470016982549e-01 2.387306465182277293e-01 1.155702479542856098e+00 -6.757561911819830458e-01 1.274961303195389639e-01 -4.722483975061743111e-01 -9.402124795503012666e-02 4.440448586016945698e-01 1.515733692733206850e-01
-4.205194360157990530e-01 -3.166272611150277694e+00 3.821604238029601142e-01 3.897227743213954598e-01 7.396424188206885963e-01 2.846495245284875741e-01 7.262257975634893725e-01 3.669153926691842704e-01 4.145481882394548290e-01 9.207005103165217808e-01
